CHIP	CH	SCA 0 SCA 1 SCA 2 SCA 3 SCA 4 SCA 5 SCA 6 SCA 7 SCA 8 SCA 9 SCA 10 SCA 11 SCA 12 
0	0	272.23 265.78 263.39 267.45 265.00 268.07 272.38 268.80 268.67 270.44 276.20 272.41 272.60 
0	0	5.39 2.25 2.27 2.43 2.53 5.14 5.46 5.40 5.42 5.42 5.32 5.49 5.85 
0	1	262.51 260.00 258.78 262.53 262.85 256.92 259.47 262.75 264.13 261.43 260.49 261.96 260.27 
0	1	5.31 2.23 2.18 2.41 2.48 4.99 5.28 5.30 5.34 5.28 5.06 5.16 5.85 
0	2	265.54 264.65 267.75 264.78 266.03 268.23 263.09 269.12 266.01 268.83 270.19 271.09 271.30 
0	2	5.11 2.23 2.28 2.44 2.49 4.81 5.17 5.10 5.16 5.03 4.92 5.07 5.57 
0	3	265.47 267.88 262.77 272.67 264.15 268.55 264.76 264.93 262.57 270.81 262.81 269.49 268.83 
0	3	4.97 2.11 2.22 2.39 2.52 4.66 4.90 4.94 5.06 4.84 4.74 4.91 5.34 
0	4	271.48 270.71 267.86 269.59 263.91 273.49 263.56 265.14 265.49 259.31 268.85 272.28 271.62 
0	4	4.80 2.17 2.26 2.47 2.55 4.49 4.80 4.82 4.88 4.87 4.57 4.80 5.28 
0	5	264.91 256.84 265.40 267.70 263.73 264.77 263.67 269.52 263.47 258.73 260.72 261.04 265.76 
0	5	4.79 2.28 2.24 2.41 2.51 4.34 4.64 4.64 4.81 4.69 4.35 4.53 5.18 
0	6	258.90 263.32 260.42 265.22 264.75 257.24 259.79 252.62 260.77 257.14 268.32 264.14 264.91 
0	6	4.71 2.25 2.30 2.45 2.55 4.27 4.49 4.58 4.72 4.64 4.21 4.44 5.07 
0	7	261.53 264.11 262.07 260.95 265.29 262.74 258.56 263.32 258.41 258.20 260.96 263.31 266.87 
0	7	4.49 2.21 2.28 2.41 2.48 4.16 4.44 4.41 4.58 4.46 4.12 4.21 4.94 
0	8	258.32 261.01 260.70 263.20 266.93 269.36 258.49 267.54 261.16 269.75 264.62 263.93 259.73 
0	8	4.51 2.25 2.29 2.49 2.48 4.01 4.28 4.29 4.52 4.24 3.98 4.16 4.83 
0	9	258.31 257.52 253.43 256.45 251.95 257.16 259.21 248.28 256.13 251.66 257.04 257.66 263.65 
0	9	4.31 2.29 2.23 2.45 2.72 3.94 4.17 4.20 4.44 4.38 3.81 3.99 4.67 
0	10	264.59 253.14 253.54 260.57 261.57 252.83 249.99 256.31 259.55 253.18 255.60 253.49 255.92 
0	10	4.20 2.40 2.32 2.49 2.62 3.94 4.13 4.04 4.38 4.31 3.74 3.90 4.68 
0	11	260.33 261.92 261.76 261.15 264.65 262.64 254.58 258.55 258.17 255.39 256.05 256.51 257.01 
0	11	4.11 2.17 2.23 2.47 2.53 3.73 3.93 3.93 4.20 4.13 3.68 3.82 4.54 
0	12	257.96 255.64 260.94 255.87 260.15 259.75 261.00 249.12 257.56 254.26 254.46 248.91 255.67 
0	12	4.07 2.37 2.33 2.49 2.60 3.66 3.86 3.86 4.11 4.09 3.58 3.72 4.51 
0	13	245.85 247.18 239.87 247.25 248.20 247.07 248.10 241.84 243.76 244.05 246.75 243.66 247.03 
0	13	4.05 2.45 2.23 2.45 2.71 3.71 3.75 3.76 4.08 4.17 3.52 3.48 4.46 
0	14	257.43 256.32 257.51 253.61 254.41 248.90 256.09 249.19 255.15 258.56 251.98 253.56 257.68 
0	14	3.90 2.35 2.30 2.52 2.59 3.56 3.76 3.68 4.02 3.84 3.38 3.49 4.30 
0	15	254.04 253.42 255.26 251.61 248.59 249.93 256.02 252.33 250.63 251.95 261.41 257.41 257.81 
0	15	3.83 2.38 2.28 2.51 2.68 3.48 3.57 3.55 3.96 3.86 3.20 3.44 4.27 
0	16	248.67 246.79 248.15 253.50 254.68 244.14 242.79 244.52 245.34 255.67 250.23 246.30 246.94 
0	16	3.84 2.51 2.30 2.49 2.60 3.46 3.52 3.47 3.90 3.72 3.14 3.31 4.28 
0	17	250.60 259.22 249.34 246.14 248.20 250.25 251.15 250.75 253.27 253.26 251.19 250.20 251.27 
0	17	3.77 2.25 2.28 2.50 2.69 3.34 3.41 3.33 3.78 3.70 3.10 3.25 4.15 
0	18	253.05 251.88 235.24 243.21 246.90 242.00 248.55 250.96 250.00 246.03 250.72 243.65 244.91 
0	18	3.71 2.39 2.29 2.46 2.76 3.41 3.39 3.34 3.74 3.82 3.06 3.15 4.24 
0	19	243.34 241.39 243.11 241.24 239.37 243.51 240.74 246.08 249.05 249.70 242.78 242.41 243.21 
0	19	3.68 2.44 2.24 2.52 2.76 3.29 3.37 3.37 3.70 3.65 3.14 3.04 4.17 
0	20	250.10 251.03 249.44 250.71 245.62 252.63 251.21 249.69 249.62 251.88 251.63 246.68 254.95 
0	20	3.66 2.47 2.37 2.57 2.76 3.25 3.30 3.32 3.70 3.61 2.98 3.08 4.10 
0	21	249.79 246.65 245.47 248.62 255.34 253.75 252.62 245.66 252.55 245.79 257.93 252.39 248.66 
0	21	3.55 2.49 2.26 2.45 2.64 3.15 3.20 3.19 3.58 3.65 2.78 3.03 4.03 
0	22	246.39 246.07 238.28 245.18 243.75 239.88 245.24 245.66 240.08 246.77 235.68 246.07 241.77 
0	22	3.55 2.53 2.40 2.53 2.78 3.27 3.26 3.20 3.56 3.57 3.12 2.93 4.13 
0	23	246.04 242.34 239.73 241.73 243.77 247.24 247.61 246.55 243.52 248.81 245.96 244.50 237.12 
0	23	3.47 2.53 2.30 2.53 2.80 3.15 3.11 3.05 3.52 3.53 2.84 2.88 3.98 
0	24	252.16 244.85 235.99 237.04 238.73 240.14 245.02 239.73 242.00 237.11 243.27 244.26 244.46 
0	24	3.44 2.53 2.35 2.61 2.84 3.18 3.14 3.04 3.48 3.66 2.86 2.81 3.97 
0	25	239.22 237.29 233.94 234.18 236.45 238.96 240.91 237.80 239.79 242.77 242.84 233.02 240.77 
0	25	3.45 2.54 2.30 2.50 2.79 3.17 3.09 3.01 3.41 3.47 2.79 2.60 3.94 
0	26	245.15 244.59 246.39 245.38 239.50 242.54 243.71 246.57 242.61 240.97 247.02 240.97 247.21 
0	26	3.45 2.51 2.35 2.49 2.80 3.08 3.11 2.99 3.43 3.49 2.73 2.70 3.89 
0	27	249.55 241.39 238.83 245.51 237.73 241.35 241.56 238.64 243.44 243.76 242.81 242.67 248.15 
0	27	3.28 2.54 2.31 2.46 2.81 3.07 2.97 2.92 3.38 3.38 2.66 2.65 3.85 
0	28	242.09 240.16 245.84 240.93 239.37 240.41 235.94 238.19 243.56 246.32 241.99 245.34 248.12 
0	28	3.36 2.55 2.38 2.54 2.83 3.06 3.07 2.87 3.36 3.34 2.68 2.64 3.83 
0	29	241.76 237.45 238.17 239.68 237.84 236.59 241.01 239.32 240.32 234.56 240.27 237.70 243.13 
0	29	3.34 2.58 2.30 2.59 2.75 3.08 2.89 2.82 3.30 3.46 2.63 2.46 3.85 
0	30	245.01 246.87 246.44 238.88 247.34 245.56 248.65 247.21 241.17 245.57 244.23 249.90 245.67 
0	30	3.27 2.52 2.36 2.55 2.80 2.96 2.84 2.83 3.34 3.33 2.57 2.64 3.83 
0	31	243.74 239.38 240.62 236.63 243.22 238.06 240.73 240.07 244.55 233.91 241.55 237.29 239.70 
0	31	3.24 2.57 2.30 2.57 2.76 2.99 2.84 2.83 3.31 3.46 2.53 2.41 3.83 
0	32	243.69 243.95 237.27 244.24 244.11 236.02 242.05 237.29 242.30 240.42 235.79 238.76 247.96 
0	32	3.28 2.52 2.32 2.61 2.80 3.01 2.88 2.74 3.23 3.32 2.69 2.40 3.76 
0	33	231.24 234.30 231.54 230.47 230.37 231.27 227.57 232.59 233.67 229.83 229.86 228.63 235.93 
0	33	3.26 2.56 2.37 2.53 2.77 3.02 2.86 2.65 3.14 3.41 2.73 2.22 3.75 
0	34	237.87 239.34 233.08 234.03 244.21 238.44 234.05 230.39 249.13 237.33 244.52 237.08 240.84 
0	34	3.25 2.56 2.31 2.53 2.79 3.01 2.90 2.71 3.23 3.37 2.46 2.35 3.81 
0	35	234.77 237.06 235.94 239.38 232.34 234.21 230.53 235.71 230.55 231.44 233.58 239.33 234.43 
0	35	3.20 2.59 2.26 2.51 2.81 2.99 2.85 2.69 3.07 3.39 2.60 2.32 3.74 
0	36	244.35 244.59 242.33 245.81 243.80 248.96 241.72 248.56 246.59 243.79 245.33 246.08 247.57 
0	36	3.12 2.53 2.39 2.58 2.81 2.88 2.78 2.76 3.16 3.22 2.40 2.46 3.68 
0	37	248.99 248.13 241.81 238.32 235.67 238.69 239.94 238.82 247.40 242.95 243.25 241.20 245.36 
0	37	3.05 2.52 2.23 2.46 2.78 2.96 2.73 2.65 3.17 3.14 2.33 2.34 3.76 
0	38	240.15 236.58 238.34 237.81 234.08 236.11 238.06 232.78 238.82 235.83 233.90 232.36 233.83 
0	38	3.22 2.55 2.42 2.57 2.81 3.00 2.83 2.59 3.10 3.29 2.62 2.12 3.72 
0	39	239.50 232.90 236.04 230.66 235.23 240.68 240.09 239.74 240.55 242.31 238.13 233.34 235.76 
0	39	3.19 2.60 2.32 2.50 2.83 2.90 2.70 2.62 3.09 3.19 2.40 2.12 3.69 
0	40	232.23 237.34 246.86 234.60 235.46 238.15 233.23 234.20 234.35 234.90 234.64 241.78 240.63 
0	40	3.29 2.55 2.41 2.68 2.88 2.95 2.87 2.70 3.09 3.36 2.63 2.32 3.75 
0	41	241.83 241.46 238.60 235.76 238.25 236.98 239.86 230.98 240.83 232.86 240.49 241.08 234.90 
0	41	3.05 2.54 2.29 2.52 2.80 2.92 2.71 2.60 3.03 3.26 2.35 2.28 3.69 
0	42	234.88 239.79 238.96 237.41 235.11 234.98 233.17 238.49 240.81 231.09 236.87 241.01 233.19 
0	42	3.20 2.65 2.40 2.66 2.89 2.99 2.83 2.67 3.11 3.33 2.54 2.30 3.71 
0	43	233.66 239.83 241.38 237.01 239.82 238.39 232.04 237.79 239.53 238.01 236.76 237.13 234.59 
0	43	3.14 2.57 2.33 2.56 2.80 2.88 2.67 2.53 3.05 3.18 2.40 2.14 3.64 
0	44	237.34 242.06 235.63 240.07 231.54 241.65 239.00 236.27 240.72 240.03 240.20 240.33 244.49 
0	44	3.23 2.60 2.43 2.77 2.94 2.91 2.82 2.70 3.18 3.34 2.43 2.32 3.70 
0	45	237.25 230.14 230.16 237.99 235.21 230.47 230.70 234.97 236.41 229.04 232.77 237.83 239.13 
0	45	3.11 2.57 2.31 2.54 2.80 2.90 2.66 2.54 2.98 3.29 2.44 2.16 3.67 
0	46	230.82 233.73 231.61 237.83 234.30 240.54 234.15 234.60 234.92 232.92 230.21 238.57 231.62 
0	46	3.16 2.65 2.44 2.62 2.87 2.92 2.81 2.59 3.00 3.28 2.59 2.11 3.62 
0	47	237.63 239.10 238.34 240.85 239.07 242.31 235.50 243.62 236.91 238.15 239.73 244.81 243.69 
0	47	3.11 2.56 2.32 2.55 2.77 2.83 2.74 2.54 3.01 3.20 2.30 2.27 3.64 
0	48	235.08 238.19 241.68 236.99 235.86 242.56 240.96 239.73 234.04 239.43 235.30 241.72 241.51 
0	48	3.12 2.60 2.41 2.56 2.82 2.82 2.68 2.51 2.98 3.19 2.48 2.22 3.74 
0	49	232.77 235.90 224.28 235.56 235.39 233.23 232.64 226.73 230.50 234.21 231.12 233.43 230.69 
0	49	3.11 2.58 2.35 2.56 2.79 2.82 2.67 2.46 2.94 3.20 2.37 2.01 3.57 
0	50	233.02 240.93 227.22 236.84 239.27 231.40 232.76 240.69 233.31 230.86 236.96 239.91 236.22 
0	50	3.12 2.58 2.39 2.62 2.83 2.98 2.69 2.56 2.95 3.28 2.35 2.15 3.70 
0	51	238.22 240.20 236.71 239.05 234.60 240.29 231.58 233.97 240.23 233.62 240.66 237.60 242.72 
0	51	3.02 2.53 2.31 2.54 2.85 2.86 2.66 2.44 2.97 3.21 2.20 2.09 3.60 
0	52	234.39 228.33 231.64 232.83 233.95 232.71 232.03 236.39 230.40 231.29 230.65 234.09 232.95 
0	52	3.07 2.62 2.32 2.58 2.84 2.90 2.66 2.49 2.91 3.24 2.45 2.02 3.63 
0	53	230.31 227.03 229.16 226.08 227.79 232.42 228.47 232.25 230.60 227.35 225.95 230.36 232.67 
0	53	3.07 2.62 2.39 2.53 2.78 2.91 2.65 2.45 2.87 3.24 2.57 1.84 3.58 
0	54	235.51 236.34 233.22 234.86 240.16 231.07 235.01 230.34 239.23 229.83 233.22 239.44 237.17 
0	54	3.05 2.60 2.36 2.51 2.86 2.89 2.64 2.54 2.98 3.18 2.37 2.06 3.67 
0	55	232.80 233.77 234.37 231.28 234.80 237.08 235.23 225.79 235.52 231.40 231.39 235.50 234.38 
0	55	3.04 2.61 2.34 2.57 2.81 2.89 2.60 2.57 2.95 3.21 2.40 1.98 3.60 
0	56	237.68 240.37 239.53 241.42 235.96 235.26 238.56 237.69 235.38 236.52 233.19 239.30 237.65 
0	56	3.03 2.56 2.36 2.57 2.84 2.88 2.55 2.40 2.90 3.15 2.37 2.10 3.54 
0	57	236.33 239.06 234.46 231.03 238.21 232.45 233.16 238.42 231.62 236.60 235.64 236.19 234.63 
0	57	3.01 2.62 2.33 2.51 2.79 2.86 2.56 2.42 2.87 3.15 2.31 1.98 3.60 
0	58	237.98 231.22 234.80 237.11 233.15 240.03 234.77 232.50 237.54 232.39 235.61 230.26 236.65 
0	58	3.10 2.66 2.35 2.62 2.87 2.86 2.62 2.45 2.99 3.24 2.33 1.86 3.67 
0	59	231.62 238.88 236.39 231.58 236.31 234.84 233.32 233.32 235.75 243.09 237.91 236.37 238.04 
0	59	3.07 2.58 2.32 2.48 2.85 2.84 2.61 2.46 2.94 2.98 2.18 2.01 3.60 
0	60	235.86 229.47 231.85 229.44 225.86 226.92 232.47 228.31 236.01 225.75 225.41 231.21 234.22 
0	60	3.06 2.67 2.38 2.58 2.89 2.95 2.61 2.48 2.97 3.31 2.62 1.90 3.62 
0	61	229.97 232.50 234.85 229.38 230.61 225.69 227.44 229.17 224.83 230.65 226.17 230.41 234.20 
0	61	3.09 2.61 2.28 2.53 2.77 2.89 2.63 2.43 2.83 3.17 2.49 1.89 3.64 
0	62	227.12 237.62 230.41 233.45 233.21 229.10 229.58 235.69 229.87 234.44 231.94 236.08 230.49 
0	62	3.15 2.60 2.38 2.56 2.82 2.87 2.67 2.46 2.89 3.22 2.39 2.05 3.53 
0	63	228.70 238.22 231.41 240.69 237.89 237.19 234.63 236.34 233.22 233.06 237.78 233.24 233.68 
0	63	3.08 2.64 2.39 2.55 2.86 2.90 2.56 2.45 3.00 3.23 2.24 1.96 3.61 
1	0	255.66 264.26 256.54 256.42 264.91 268.08 259.86 254.21 258.47 254.19 260.89 256.03 261.23 
1	0	4.52 2.92 2.71 2.58 2.82 3.89 4.29 4.54 4.49 4.22 4.82 3.94 4.92 
1	1	261.49 261.44 262.13 256.13 261.60 260.97 253.43 262.14 257.71 259.23 257.40 261.59 254.60 
1	1	4.17 2.82 2.59 2.52 2.84 3.77 4.01 4.33 4.20 4.07 4.57 3.78 4.76 
1	2	262.04 259.03 257.55 258.82 256.93 261.47 255.74 260.10 256.80 258.53 256.07 256.97 250.54 
1	2	4.13 2.90 2.77 2.60 2.94 3.57 3.94 4.22 4.15 3.90 4.44 3.66 4.72 
1	3	250.90 246.17 242.38 246.95 252.00 243.50 249.46 239.78 241.02 245.86 247.55 250.03 246.99 
1	3	3.86 2.94 2.92 2.48 2.92 3.64 3.79 4.03 3.99 3.69 4.40 3.36 4.58 
1	4	259.05 252.61 256.47 253.28 257.42 256.85 256.36 258.62 251.70 255.94 256.40 249.64 252.16 
1	4	3.80 3.01 2.81 2.65 3.03 3.41 3.73 3.95 3.92 3.65 4.17 3.31 4.45 
1	5	241.91 240.06 242.65 235.33 245.49 243.29 241.99 244.49 248.13 238.89 243.28 238.82 247.44 
1	5	3.53 3.00 2.90 2.45 2.98 3.38 3.56 3.76 3.70 3.31 4.13 2.97 4.28 
1	6	248.85 253.04 253.11 243.33 250.66 248.63 249.21 252.18 255.36 251.96 254.14 248.82 257.10 
1	6	3.58 3.05 2.85 2.58 3.03 3.32 3.49 3.73 3.64 3.31 3.99 2.99 4.19 
1	7	246.85 247.40 242.70 247.98 252.88 247.85 251.61 247.05 245.48 242.94 248.45 241.31 250.22 
1	7	3.35 2.97 2.93 2.53 2.91 3.09 3.31 3.56 3.53 3.13 3.92 2.72 4.11 
1	8	238.95 231.07 238.58 240.70 230.80 240.19 238.62 234.76 237.05 237.16 235.93 235.53 243.24 
1	8	3.33 3.09 3.06 2.64 3.09 3.20 3.36 3.52 3.52 2.99 4.07 2.73 4.08 
1	9	237.69 240.04 242.03 247.52 248.49 250.39 240.39 247.29 243.63 248.61 251.39 239.87 243.82 
1	9	3.21 3.00 2.94 2.49 2.92 3.00 3.11 3.40 3.33 2.94 3.71 2.45 3.89 
1	10	248.28 245.80 246.30 240.65 242.86 244.42 241.26 240.75 243.77 241.66 240.94 246.91 245.31 
1	10	3.19 3.01 2.96 2.62 3.12 3.10 3.19 3.31 3.26 2.87 3.88 2.50 3.92 
1	11	245.87 235.95 244.77 236.86 242.14 240.06 240.46 241.79 238.66 236.42 246.34 234.57 236.06 
1	11	2.98 2.93 2.90 2.45 2.97 2.94 2.99 3.23 3.12 2.65 3.61 2.33 3.84 
1	12	238.20 239.23 239.14 235.33 240.10 236.08 237.21 242.72 234.28 235.40 243.70 234.38 238.86 
1	12	3.13 3.13 3.04 2.61 3.12 3.09 3.15 3.26 3.30 2.61 3.75 2.40 3.83 
1	13	237.73 234.15 242.20 245.40 240.78 239.35 237.90 233.51 237.99 234.14 238.39 237.68 239.07 
1	13	2.93 3.02 2.98 2.48 2.94 2.91 2.89 3.13 3.08 2.50 3.65 2.16 3.70 
1	14	235.01 239.59 231.34 232.81 230.94 235.45 231.13 232.71 228.89 234.37 233.75 231.06 235.76 
1	14	2.95 3.08 3.15 2.61 3.05 2.97 2.92 3.04 3.15 2.48 3.75 2.14 3.75 
1	15	234.83 230.58 233.49 228.92 231.04 234.66 237.45 239.10 231.68 232.92 241.58 229.12 237.55 
1	15	2.92 2.99 2.99 2.48 2.99 2.87 2.91 3.01 3.15 2.31 3.54 2.07 3.61 
1	16	231.95 233.83 236.13 224.06 232.33 232.54 235.36 228.54 232.25 231.04 229.16 231.75 233.05 
1	16	2.95 3.13 3.06 2.55 3.06 3.00 2.98 2.97 3.18 2.30 3.76 2.07 3.68 
1	17	229.61 232.72 239.08 230.72 232.84 230.39 231.22 233.37 233.17 232.37 238.58 231.00 238.72 
1	17	2.83 3.06 3.01 2.49 2.97 2.95 2.79 2.96 3.04 2.25 3.59 1.92 3.62 
1	18	233.82 228.86 231.39 229.18 225.13 224.80 231.26 230.08 228.67 229.40 232.50 225.85 233.47 
1	18	2.89 3.05 3.14 2.51 3.06 2.97 2.82 2.90 3.06 2.24 3.73 2.01 3.58 
1	19	233.91 231.61 237.84 231.25 229.50 227.36 223.29 233.39 228.95 230.08 233.16 235.71 233.24 
1	19	2.73 3.07 3.08 2.48 3.00 2.95 2.75 2.91 2.99 2.16 3.59 1.73 3.54 
1	20	231.00 226.76 235.28 235.21 231.65 239.75 229.03 238.54 230.27 232.24 227.60 225.13 229.79 
1	20	2.87 3.08 3.12 2.60 3.12 2.86 2.84 2.98 3.06 2.18 3.71 1.96 3.56 
1	21	230.76 225.14 222.29 223.20 226.52 229.86 225.84 228.93 229.56 220.88 230.80 226.51 231.26 
1	21	2.73 2.99 3.06 2.49 3.02 2.89 2.67 2.86 2.93 2.07 3.65 1.77 3.53 
1	22	225.62 226.96 228.05 224.84 230.41 231.16 224.40 228.33 223.28 226.62 222.97 226.32 230.55 
1	22	2.81 3.17 3.22 2.51 3.07 2.94 2.71 2.90 3.12 2.12 3.68 1.79 3.55 
1	23	226.82 218.02 224.87 225.36 219.01 223.15 224.76 226.76 225.07 213.69 228.43 219.33 225.89 
1	23	2.78 2.95 3.12 2.43 2.99 2.98 2.64 2.79 3.00 1.94 3.62 1.80 3.41 
1	24	228.37 232.94 231.92 226.68 231.63 231.14 230.40 230.82 228.53 230.02 232.99 230.32 234.22 
1	24	2.78 3.05 3.12 2.54 3.03 2.97 2.71 2.92 3.01 2.10 3.56 1.77 3.55 
1	25	224.78 227.14 235.06 230.58 222.62 234.25 227.57 226.33 225.24 231.13 229.88 225.91 229.22 
1	25	2.74 2.99 3.11 2.46 2.97 2.93 2.65 2.82 2.99 2.07 3.58 1.70 3.53 
1	26	231.97 232.14 231.32 228.22 231.46 234.53 234.83 228.71 224.03 230.21 234.79 227.72 231.09 
1	26	2.80 3.11 3.14 2.60 3.05 2.97 2.83 2.96 3.06 2.15 3.58 1.74 3.54 
1	27	228.18 224.76 225.81 219.98 226.55 229.08 226.79 222.61 221.76 220.22 223.49 225.45 219.30 
1	27	2.69 3.02 3.13 2.46 3.00 2.98 2.62 2.81 3.00 2.04 3.60 1.70 3.35 
1	28	228.16 223.61 224.95 228.98 230.32 227.32 222.92 224.99 223.36 229.15 227.57 232.14 226.69 
1	28	2.86 3.11 3.22 2.52 3.13 3.06 2.73 2.91 3.09 2.15 3.70 1.78 3.52 
1	29	227.43 224.97 227.15 226.89 228.91 226.04 227.75 226.46 224.77 225.71 225.43 226.90 229.58 
1	29	2.69 3.01 3.13 2.49 3.03 3.01 2.69 2.88 2.98 2.06 3.57 1.61 3.57 
1	30	229.51 232.69 232.52 236.81 232.04 232.17 225.84 227.68 235.10 229.10 230.31 234.75 226.99 
1	30	2.79 3.02 3.14 2.50 3.00 3.03 2.68 2.93 2.88 2.10 3.66 1.68 3.53 
1	31	227.80 220.09 227.64 220.77 225.25 224.18 226.21 222.99 221.26 221.82 231.70 225.42 227.77 
1	31	2.72 2.95 3.19 2.49 3.00 3.03 2.70 2.91 3.01 2.07 3.60 1.75 3.52 
1	32	216.09 221.72 223.54 210.33 218.06 217.82 219.51 215.51 218.90 217.18 214.93 216.77 222.40 
1	32	2.83 2.99 3.22 2.54 2.99 3.07 2.74 2.86 3.06 2.01 3.66 1.87 3.49 
1	33	228.98 215.08 218.97 221.76 221.31 225.18 218.15 223.50 219.63 217.58 226.46 224.91 221.70 
1	33	2.69 2.89 3.15 2.45 3.00 3.11 2.63 2.91 3.00 2.04 3.71 1.72 3.55 
1	34	214.23 224.03 220.73 209.62 222.69 219.03 218.49 214.37 216.75 222.40 216.81 217.86 218.35 
1	34	2.81 3.05 3.29 2.56 3.01 3.15 2.71 2.86 3.14 2.17 3.67 1.91 3.45 
1	35	231.94 231.21 233.62 227.44 232.19 229.27 230.68 229.64 223.26 227.99 226.95 225.30 228.87 
1	35	2.79 3.01 3.11 2.46 2.99 3.11 2.73 2.95 3.07 2.14 3.67 1.74 3.62 
1	36	213.28 215.96 219.97 223.24 218.92 212.97 222.78 218.95 212.58 220.97 217.33 216.42 222.88 
1	36	2.88 2.98 3.27 2.58 3.10 3.21 2.72 2.95 3.21 2.15 3.72 2.01 3.61 
1	37	218.34 214.62 215.12 221.13 214.09 217.50 212.45 211.24 218.85 213.37 218.42 217.33 220.54 
1	37	2.84 2.92 3.22 2.47 2.97 3.16 2.68 2.82 3.05 2.02 3.69 1.92 3.49 
1	38	205.31 211.71 219.00 212.96 216.85 215.21 216.89 215.68 211.33 212.90 214.23 217.29 216.86 
1	38	2.89 2.91 3.27 2.63 3.05 3.15 2.75 2.91 3.20 2.09 3.73 1.99 3.41 
1	39	228.19 223.99 230.13 233.04 222.60 224.12 231.17 225.32 228.50 228.97 228.15 222.49 229.19 
1	39	2.86 3.08 3.23 2.56 3.01 3.14 2.76 2.99 3.03 2.25 3.72 1.86 3.65 
1	40	225.86 221.34 227.09 223.89 225.82 224.35 224.20 226.47 222.83 224.46 232.45 224.12 228.66 
1	40	2.89 3.08 3.27 2.56 3.09 3.23 2.82 3.08 3.12 2.19 3.75 1.99 3.65 
1	41	225.69 217.66 227.92 221.15 222.07 220.09 223.59 222.34 222.26 223.26 227.15 221.01 223.95 
1	41	2.89 3.01 3.24 2.54 2.92 3.24 2.75 3.00 3.06 2.18 3.71 1.84 3.65 
1	42	220.08 217.00 226.03 222.15 220.18 220.29 219.17 217.05 217.87 220.13 222.57 222.52 219.20 
1	42	2.97 3.10 3.34 2.61 3.12 3.29 2.84 3.05 3.21 2.31 3.82 2.08 3.58 
1	43	227.38 227.46 226.47 230.20 221.47 221.66 224.83 221.20 229.14 228.41 225.49 221.89 226.26 
1	43	2.87 3.06 3.26 2.48 3.01 3.21 2.81 2.95 2.99 2.29 3.68 1.88 3.64 
1	44	221.01 213.49 216.12 221.33 219.42 217.52 218.35 227.73 218.12 219.60 220.46 216.54 219.61 
1	44	3.07 3.00 3.33 2.58 3.12 3.31 2.83 3.07 3.21 2.32 3.85 2.13 3.54 
1	45	215.63 214.41 216.05 217.95 217.75 211.71 214.84 218.74 218.58 217.73 220.02 217.44 212.39 
1	45	2.92 2.95 3.26 2.51 3.06 3.22 2.70 2.98 3.18 2.20 3.71 2.01 3.42 
1	46	218.04 219.09 215.06 212.18 217.98 217.63 216.60 218.03 212.48 212.95 215.94 213.31 215.17 
1	46	3.12 3.23 3.44 2.70 3.22 3.40 2.95 3.11 3.31 2.39 3.94 2.39 3.62 
1	47	216.12 215.19 219.62 210.57 210.99 221.67 216.80 217.71 216.23 212.29 212.61 216.86 215.19 
1	47	2.92 2.92 3.23 2.53 2.96 3.27 2.80 3.01 3.18 2.21 3.71 2.03 3.55 
1	48	220.31 222.82 223.26 224.58 218.36 221.03 223.24 226.93 222.97 222.41 226.92 226.76 219.69 
1	48	3.02 3.14 3.28 2.58 3.07 3.30 2.93 3.11 3.20 2.35 3.75 2.01 3.59 
1	49	226.24 223.90 221.96 216.59 224.39 223.49 219.39 225.85 227.04 227.76 216.42 221.16 225.33 
1	49	2.98 3.09 3.23 2.54 3.00 3.28 2.79 3.15 3.14 2.34 3.84 2.04 3.76 
1	50	224.60 218.93 210.42 222.05 219.10 213.79 220.92 217.50 222.87 216.37 220.78 227.91 218.53 
1	50	3.03 3.13 3.31 2.53 3.07 3.32 2.94 3.02 3.20 2.30 3.78 2.03 3.69 
1	51	220.31 219.79 224.68 221.24 214.23 216.16 220.90 222.42 223.07 215.54 224.26 216.59 221.95 
1	51	2.94 3.08 3.27 2.52 3.02 3.27 2.79 3.00 3.12 2.32 3.77 2.11 3.69 
1	52	215.76 226.28 223.88 217.50 219.99 219.09 224.39 214.61 217.64 217.83 222.00 224.55 225.74 
1	52	3.05 3.14 3.28 2.59 3.14 3.38 2.89 3.07 3.27 2.35 3.89 2.09 3.79 
1	53	217.55 207.85 214.83 214.70 209.70 213.74 212.74 213.82 210.73 212.14 214.88 214.52 211.37 
1	53	2.97 2.81 3.32 2.51 2.92 3.29 2.82 3.01 3.24 2.33 3.77 2.14 3.47 
1	54	217.50 214.86 219.01 221.81 216.83 213.52 220.55 221.05 219.88 225.13 219.11 221.70 216.43 
1	54	3.33 3.20 3.65 2.79 3.25 3.49 3.17 3.29 3.41 2.64 4.07 2.47 3.69 
1	55	216.78 214.11 217.43 215.42 215.79 219.51 215.55 219.35 210.42 212.90 218.72 222.14 214.91 
1	55	3.02 2.96 3.35 2.55 3.06 3.36 2.88 3.11 3.20 2.33 3.88 2.06 3.52 
1	56	217.60 211.64 214.47 209.98 210.31 215.67 211.97 215.61 212.50 211.27 216.96 204.74 210.92 
1	56	3.26 3.25 3.52 2.79 3.19 3.50 3.14 3.20 3.44 2.65 4.03 2.72 3.64 
1	57	220.54 213.97 223.38 217.03 219.57 216.59 215.40 216.52 218.91 216.73 217.13 217.22 213.93 
1	57	3.04 2.96 3.25 2.53 3.07 3.35 2.84 3.08 3.19 2.36 3.84 2.11 3.53 
1	58	210.82 207.39 214.77 212.07 211.82 210.19 213.64 217.22 211.42 208.22 217.67 214.36 214.74 
1	58	3.15 3.04 3.36 2.73 3.10 3.42 2.96 3.14 3.35 2.47 3.92 2.35 3.60 
1	59	218.95 214.13 214.40 216.15 221.46 216.44 214.69 220.16 215.74 213.81 214.78 216.76 220.55 
1	59	3.01 2.92 3.35 2.54 3.04 3.34 2.85 3.10 3.29 2.26 3.80 2.12 3.66 
1	60	218.38 217.01 222.51 219.15 218.07 221.88 215.10 217.74 217.77 225.19 221.48 219.40 224.93 
1	60	3.08 2.97 3.36 2.58 3.04 3.35 2.86 3.10 3.25 2.43 3.86 2.08 3.74 
1	61	220.46 213.24 216.94 214.02 223.66 205.95 215.93 214.12 212.43 212.02 214.15 219.61 217.09 
1	61	3.07 2.94 3.27 2.53 3.02 3.33 2.87 3.02 3.26 2.29 3.78 2.10 3.56 
1	62	221.77 223.48 214.86 222.24 220.70 219.82 214.16 214.69 220.26 221.55 218.07 213.29 223.59 
1	62	3.07 3.19 3.34 2.58 3.12 3.43 2.89 3.09 3.28 2.42 3.83 2.28 3.75 
1	63	218.57 208.84 213.38 208.94 214.68 217.99 210.76 209.05 217.68 210.64 216.85 212.99 215.98 
1	63	3.02 2.87 3.27 2.60 2.96 3.38 2.82 2.99 3.18 2.28 3.80 2.24 3.55 
2	0	251.98 246.01 253.80 249.95 259.85 246.33 250.83 249.23 252.09 252.33 246.37 246.63 245.38 
2	0	5.42 3.79 3.61 3.91 3.37 4.57 5.27 5.19 5.34 5.11 5.61 5.02 5.79 
2	1	248.12 235.75 248.03 239.04 245.94 240.97 238.10 241.96 245.79 243.93 243.64 244.06 241.75 
2	1	4.82 3.07 3.05 3.06 3.00 4.10 4.77 4.61 4.81 4.51 5.03 4.36 5.21 
2	2	250.55 252.03 248.11 253.21 248.26 249.83 253.14 244.89 245.92 244.55 245.49 250.62 251.78 
2	2	7.43 6.73 6.22 7.00 5.78 6.24 7.01 6.87 7.21 6.94 7.47 7.15 7.39 
2	3	249.37 242.85 244.61 246.61 245.77 241.83 248.03 249.15 248.54 241.23 246.95 244.40 245.98 
2	3	4.44 3.11 3.13 3.09 3.05 3.89 4.50 4.33 4.53 4.22 4.76 4.08 4.90 
2	4	258.64 250.57 250.72 247.06 252.12 254.17 259.31 250.13 245.65 256.43 259.61 248.22 249.83 
2	4	4.23 3.10 2.94 3.03 2.94 3.72 4.28 4.11 4.44 3.92 4.71 3.91 4.73 
2	5	240.68 239.81 245.14 240.24 244.66 247.48 237.45 241.28 241.01 241.18 248.80 241.79 248.23 
2	5	4.25 3.04 3.09 3.02 3.03 3.63 4.31 4.02 4.34 3.93 4.58 3.83 4.62 
2	6	245.40 240.40 238.73 243.43 244.28 239.60 251.38 239.05 235.48 237.77 241.22 245.36 245.10 
2	6	4.30 3.28 3.35 3.22 3.22 3.62 4.30 4.03 4.35 3.93 4.54 3.88 4.68 
2	7	242.25 244.00 245.84 241.68 244.10 243.12 247.69 240.40 249.39 247.92 247.91 250.05 246.85 
2	7	4.01 3.10 2.99 3.05 3.05 3.43 4.04 3.74 4.11 3.55 4.35 3.45 4.51 
2	8	236.63 236.72 236.82 240.46 230.18 232.19 233.96 238.70 243.07 232.00 230.67 234.67 236.43 
2	8	4.02 3.23 3.29 3.22 3.30 3.49 4.16 3.82 4.12 3.82 4.21 3.79 4.47 
2	9	240.53 238.39 240.32 239.88 242.42 238.94 236.50 238.77 238.50 240.94 239.14 239.89 243.35 
2	9	3.77 3.04 3.06 2.97 3.07 3.19 3.88 3.57 4.07 3.44 4.12 3.36 4.31 
2	10	234.09 241.41 241.01 238.72 240.13 245.13 236.50 239.53 237.50 235.36 235.72 238.94 237.43 
2	10	3.85 3.25 3.24 3.21 3.23 3.34 4.00 3.65 4.09 3.56 4.14 3.41 4.31 
2	11	234.34 236.55 229.45 236.38 233.91 231.58 236.12 233.37 236.28 237.76 227.12 230.81 238.03 
2	11	3.59 3.02 3.22 2.95 3.14 3.11 3.78 3.33 3.79 3.23 3.84 3.27 4.13 
2	12	238.95 234.96 234.73 240.55 245.85 230.85 232.53 236.14 234.56 242.60 235.82 237.87 237.35 
2	12	3.97 3.46 3.67 3.48 3.36 3.38 4.02 3.71 4.13 3.46 4.23 3.57 4.39 
2	13	234.97 229.53 240.94 235.16 231.70 232.90 233.15 240.21 234.14 228.55 236.02 237.26 233.68 
2	13	3.46 2.89 3.10 2.93 3.13 2.95 3.62 3.18 3.69 3.21 3.72 2.97 3.95 
2	14	235.49 228.70 236.16 233.03 233.69 236.51 234.25 233.59 234.77 231.98 237.10 231.84 233.35 
2	14	3.51 3.09 3.28 3.05 3.28 3.05 3.67 3.34 3.67 3.28 3.79 3.22 4.00 
2	15	227.54 231.99 235.30 223.16 231.68 226.21 235.94 234.37 228.66 225.78 227.65 231.64 233.00 
2	15	3.37 2.94 3.15 2.80 3.19 2.94 3.54 3.13 3.57 3.14 3.59 2.93 3.88 
2	16	227.93 225.65 228.48 220.95 226.27 225.06 227.13 230.62 228.37 228.42 230.25 226.81 225.09 
2	16	3.43 3.09 3.36 2.95 3.29 2.99 3.53 3.18 3.57 3.16 3.67 3.11 3.84 
2	17	223.11 222.89 225.45 222.02 232.59 221.71 223.09 224.26 223.43 226.90 226.68 223.70 225.42 
2	17	3.31 2.88 3.25 2.79 3.09 2.84 3.40 3.06 3.42 2.93 3.48 3.06 3.72 
2	18	225.43 230.13 228.54 226.07 236.52 228.20 230.88 230.18 228.80 229.81 235.25 231.98 234.92 
2	18	3.35 3.08 3.26 2.97 3.13 2.95 3.44 3.03 3.45 3.05 3.60 2.84 3.80 
2	19	231.09 226.00 223.23 227.55 229.01 229.03 229.16 228.46 225.62 229.31 228.22 228.43 226.50 
2	19	3.17 2.88 3.15 2.78 3.08 2.79 3.33 2.88 3.32 2.81 3.43 2.70 3.66 
2	20	231.39 220.44 226.81 219.51 227.04 229.01 232.01 229.51 227.53 227.03 227.80 227.26 225.26 
2	20	3.17 2.93 3.25 2.78 3.17 2.87 3.34 3.01 3.37 2.92 3.42 2.87 3.68 
2	21	233.08 221.67 229.22 225.86 223.93 232.50 224.33 222.87 224.79 226.60 220.22 224.52 229.29 
2	21	3.05 2.83 3.16 2.75 3.09 2.70 3.18 2.88 3.26 2.72 3.20 2.76 3.62 
2	22	223.87 222.98 221.97 221.65 227.68 227.46 231.60 224.53 222.55 222.41 224.35 225.59 222.61 
2	22	3.19 2.90 3.28 2.86 3.18 2.71 3.29 3.00 3.25 2.91 3.27 2.81 3.64 
2	23	221.74 227.33 226.55 219.25 224.29 219.11 221.30 225.29 222.96 220.18 223.08 224.81 222.43 
2	23	3.07 2.85 3.15 2.70 3.10 2.60 3.17 2.80 3.15 2.75 3.23 2.65 3.52 
2	24	231.78 223.71 229.00 224.78 230.77 230.72 224.33 219.44 228.30 226.58 226.32 230.16 224.53 
2	24	3.05 2.97 3.22 2.90 3.19 2.67 3.28 2.90 3.26 2.76 3.32 2.61 3.57 
2	25	221.35 224.50 226.42 228.18 220.09 221.15 224.78 216.40 218.35 225.81 215.11 229.28 223.89 
2	25	3.02 2.85 3.21 2.74 3.09 2.58 3.13 2.81 3.11 2.59 3.00 2.45 3.51 
2	26	224.26 224.73 220.10 222.47 223.80 225.79 224.99 220.46 222.07 216.79 223.29 226.67 226.80 
2	26	3.04 2.91 3.22 2.84 3.21 2.66 3.22 2.85 3.18 2.84 3.18 2.66 3.61 
2	27	226.95 223.64 219.12 218.88 221.31 224.74 224.52 223.09 221.74 223.99 226.99 225.56 230.02 
2	27	2.95 2.77 3.13 2.65 3.10 2.55 3.10 2.76 3.02 2.62 3.24 2.51 3.54 
2	28	227.86 213.97 224.46 217.90 222.59 215.68 221.98 215.81 219.01 216.54 217.41 221.80 225.78 
2	28	3.02 2.75 3.15 2.75 3.16 2.59 3.12 2.77 3.08 2.81 3.01 2.75 3.56 
2	29	233.91 221.87 228.52 225.91 224.11 223.36 226.85 227.69 227.77 221.96 227.19 219.52 219.77 
2	29	2.93 2.78 3.16 2.75 3.08 2.60 3.12 2.70 3.13 2.63 3.28 2.63 3.39 
2	30	225.03 222.24 222.32 227.24 223.06 223.88 228.19 219.51 222.72 220.95 226.28 219.21 216.92 
2	30	2.97 2.80 3.23 2.86 3.15 2.62 3.13 2.76 3.04 2.69 3.15 2.72 3.39 
2	31	229.30 219.22 222.55 221.71 217.74 225.08 227.32 224.00 228.50 227.66 222.15 225.46 223.70 
2	31	2.89 2.72 3.18 2.65 3.03 2.55 3.10 2.70 3.15 2.50 3.10 2.43 3.47 
2	32	216.85 216.71 222.16 212.93 219.15 213.48 216.46 219.32 218.94 213.39 216.94 216.38 221.45 
2	32	2.98 2.79 3.17 2.69 3.16 2.59 3.05 2.74 3.05 2.74 2.97 2.73 3.42 
2	33	222.43 214.11 219.85 215.65 226.94 217.59 225.95 223.49 225.25 217.83 219.68 217.27 216.77 
2	33	2.91 2.62 3.07 2.61 3.12 2.50 3.02 2.67 3.06 2.63 3.01 2.64 3.28 
2	34	224.11 222.32 224.58 219.92 217.51 217.56 214.66 222.66 217.63 216.16 221.29 218.67 222.76 
2	34	2.90 2.85 3.20 2.74 3.14 2.65 2.99 2.73 2.95 2.78 3.07 2.71 3.37 
2	35	214.25 220.63 216.50 214.39 223.00 219.90 217.83 214.64 214.95 224.27 216.45 214.74 219.06 
2	35	2.90 2.71 3.12 2.54 3.03 2.50 2.94 2.64 2.89 2.44 2.89 2.65 3.29 
2	36	220.97 219.74 222.78 215.67 217.12 215.09 216.59 217.68 215.82 215.46 215.60 219.44 219.38 
2	36	2.96 2.84 3.16 2.65 3.06 2.58 2.96 2.77 2.96 2.65 2.83 2.58 3.31 
2	37	216.03 216.23 214.71 225.64 225.22 221.79 223.80 219.61 223.69 229.61 219.87 218.52 215.17 
2	37	2.90 2.60 3.07 2.64 3.14 2.50 3.05 2.65 2.97 2.42 2.95 2.53 3.30 
2	38	220.02 214.82 214.03 213.45 210.75 214.31 216.16 206.97 211.65 214.58 219.47 216.98 219.07 
2	38	2.91 2.63 3.15 2.60 3.09 2.60 2.98 2.70 2.83 2.64 2.91 2.69 3.36 
2	39	219.50 220.44 219.03 219.06 225.39 222.19 224.83 222.46 222.19 217.23 220.88 219.76 222.45 
2	39	2.87 2.73 3.10 2.60 3.05 2.49 3.03 2.63 2.99 2.55 2.95 2.53 3.37 
2	40	226.14 221.74 220.46 222.00 228.48 223.80 224.38 222.19 222.97 224.78 223.74 221.12 220.31 
2	40	2.91 2.75 3.16 2.69 3.09 2.53 3.11 2.69 3.02 2.59 3.08 2.51 3.37 
2	41	219.96 215.21 216.49 217.94 219.61 215.48 214.06 215.81 216.50 216.14 214.23 211.41 215.64 
2	41	2.91 2.58 3.09 2.55 3.10 2.51 2.96 2.61 2.85 2.61 2.75 2.73 3.26 
2	42	217.71 220.55 215.33 210.52 210.30 209.14 215.66 209.51 212.04 215.65 216.03 212.63 212.16 
2	42	2.89 2.71 3.13 2.54 3.01 2.55 2.94 2.68 2.82 2.59 2.86 2.72 3.24 
2	43	223.72 216.90 218.48 220.09 218.08 222.96 213.16 214.67 218.65 216.03 215.67 213.53 213.53 
2	43	2.88 2.65 3.03 2.65 3.08 2.51 2.96 2.64 2.96 2.60 2.82 2.67 3.21 
2	44	213.69 212.06 214.54 209.50 218.39 215.18 217.69 215.38 215.38 218.05 212.36 212.62 215.39 
2	44	2.90 2.68 3.18 2.60 3.09 2.61 2.98 2.70 2.87 2.58 2.80 2.76 3.26 
2	45	224.64 217.92 219.94 221.10 218.85 219.56 219.36 218.34 224.74 224.37 219.17 215.69 221.39 
2	45	2.92 2.64 3.10 2.61 3.04 2.52 3.02 2.59 2.93 2.47 2.94 2.57 3.35 
2	46	220.39 221.10 221.00 223.08 223.62 221.74 225.38 217.70 220.90 223.86 224.49 218.64 220.30 
2	46	2.94 2.74 3.13 2.67 3.13 2.57 3.10 2.69 3.01 2.48 3.04 2.64 3.38 
2	47	217.70 216.85 213.06 219.00 219.69 222.91 221.28 216.52 219.06 219.77 216.98 224.66 223.25 
2	47	2.88 2.60 3.08 2.58 3.03 2.46 3.07 2.59 2.90 2.47 2.85 2.35 3.41 
2	48	216.06 214.31 221.66 219.45 223.00 219.66 216.53 215.15 221.47 220.16 219.32 221.15 222.94 
2	48	2.98 2.72 3.18 2.72 3.15 2.69 3.07 2.77 3.10 2.69 3.00 2.65 3.45 
2	49	215.15 214.86 219.71 217.45 224.03 215.29 218.07 217.43 216.42 217.14 219.08 218.04 218.44 
2	49	2.88 2.64 3.07 2.53 3.07 2.58 2.99 2.62 2.88 2.53 2.88 2.56 3.34 
2	50	223.01 230.17 229.99 225.69 224.21 228.43 223.97 224.59 227.93 227.87 227.30 230.36 233.29 
2	50	2.95 2.92 3.14 2.78 3.16 2.70 3.14 2.81 3.15 2.61 3.13 2.38 3.52 
2	51	221.01 213.52 222.88 212.78 216.94 219.66 212.27 214.42 218.82 215.58 215.73 218.45 224.28 
2	51	2.85 2.64 3.06 2.54 3.02 2.56 2.93 2.69 2.93 2.63 2.79 2.56 3.41 
2	52	221.72 217.14 218.06 215.57 220.20 217.66 216.60 213.64 216.42 213.31 217.84 226.48 214.20 
2	52	2.90 2.73 3.10 2.66 3.09 2.63 3.01 2.65 2.89 2.64 2.92 2.37 3.27 
2	53	216.07 208.32 212.43 212.98 213.97 214.67 212.05 211.35 211.02 212.86 216.12 216.69 215.50 
2	53	2.85 2.54 3.06 2.52 2.99 2.54 2.96 2.56 2.78 2.60 2.76 2.57 3.26 
2	54	220.15 219.72 222.01 223.50 225.49 221.52 219.65 216.12 222.08 225.82 226.55 219.56 225.18 
2	54	2.93 2.72 3.11 2.65 3.08 2.59 3.09 2.68 3.04 2.47 3.07 2.56 3.53 
2	55	223.77 217.05 226.28 211.65 220.74 218.75 220.08 214.14 222.37 213.95 216.72 213.43 218.77 
2	55	2.89 2.68 3.05 2.49 3.06 2.59 3.01 2.62 2.96 2.55 2.83 2.68 3.35 
2	56	217.19 217.69 215.49 218.29 215.00 214.59 219.33 222.68 214.71 217.01 218.13 217.57 216.58 
2	56	2.87 2.68 3.13 2.61 3.08 2.59 3.08 2.64 2.88 2.63 2.86 2.62 3.24 
2	57	219.63 209.73 219.17 218.36 218.34 217.44 216.71 214.70 212.70 214.24 218.81 219.55 218.18 
2	57	2.78 2.59 3.05 2.54 3.04 2.58 2.99 2.66 2.84 2.66 2.91 2.42 3.33 
2	58	225.07 220.04 222.22 217.90 219.70 223.96 223.61 221.26 222.20 218.05 217.34 220.72 221.95 
2	58	2.92 2.78 3.16 2.67 3.15 2.62 3.07 2.67 3.06 2.66 2.87 2.57 3.43 
2	59	210.65 205.41 212.24 213.69 207.27 210.86 211.05 207.00 213.92 213.35 207.62 217.27 216.02 
2	59	2.83 2.52 3.08 2.51 2.96 2.58 2.95 2.58 2.88 2.61 2.64 2.54 3.30 
2	60	214.92 208.17 212.54 204.40 213.34 208.30 206.99 207.54 214.50 212.09 207.59 208.53 206.72 
2	60	2.90 2.61 3.16 2.58 3.09 2.69 2.94 2.74 2.94 2.74 2.72 2.90 3.08 
2	61	213.54 213.26 212.84 216.34 211.73 214.03 213.10 215.51 213.30 209.82 220.90 222.54 218.05 
2	61	2.86 2.57 3.04 2.50 2.96 2.57 2.94 2.66 2.84 2.71 2.99 2.39 3.35 
2	62	213.44 214.07 213.61 210.31 215.74 217.36 217.87 212.40 216.99 213.24 212.85 217.78 215.45 
2	62	2.87 2.70 3.10 2.55 3.11 2.64 3.02 2.73 2.91 2.69 2.78 2.69 3.30 
2	63	216.18 211.82 215.88 212.13 215.58 214.78 215.86 210.48 214.30 214.99 219.99 208.45 219.50 
2	63	2.89 2.55 3.06 2.52 3.04 2.56 2.99 2.65 2.89 2.58 3.03 2.82 3.34 
3	0	310.07 308.29 313.91 306.13 309.16 310.75 314.08 305.46 313.60 307.51 310.48 313.10 315.52 
3	0	4.20 2.80 3.08 2.84 2.62 3.64 4.09 3.99 4.03 4.06 4.24 4.19 4.17 
3	1	299.80 308.43 301.97 299.30 299.51 296.98 298.54 304.88 301.11 301.18 302.20 303.97 305.34 
3	1	4.03 2.67 2.82 2.58 2.48 3.62 3.95 3.86 3.77 3.89 4.09 4.04 4.01 
3	2	300.62 302.60 302.93 302.42 305.77 304.61 301.74 307.27 305.39 308.26 301.92 304.94 310.19 
3	2	3.95 2.72 2.92 2.67 2.53 3.45 3.87 3.82 3.76 3.84 4.00 3.97 3.93 
3	3	300.49 298.12 299.75 303.87 299.60 302.40 300.12 303.75 302.17 300.71 302.13 298.17 301.59 
3	3	3.87 2.68 2.77 2.65 2.53 3.37 3.85 3.67 3.58 3.79 3.86 3.72 3.80 
3	4	288.86 292.05 297.62 295.85 297.92 295.48 296.31 293.12 289.58 294.51 295.94 291.21 287.93 
3	4	3.87 2.79 2.86 2.59 2.59 3.38 3.79 3.56 3.51 3.74 3.79 3.79 3.86 
3	5	293.74 286.39 294.69 285.32 294.77 294.82 288.87 294.15 284.94 283.39 289.40 288.14 290.66 
3	5	3.73 2.73 2.76 2.43 2.53 3.21 3.69 3.51 3.46 3.71 3.60 3.62 3.72 
3	6	297.84 298.99 294.84 291.22 294.38 289.02 296.40 293.33 292.48 295.70 296.94 291.06 294.53 
3	6	3.92 3.03 3.21 2.84 2.84 3.56 3.94 3.73 3.54 3.79 3.91 3.87 3.93 
3	7	281.28 280.81 284.56 280.20 279.81 287.59 286.90 286.66 280.68 281.52 283.40 288.21 282.36 
3	7	3.71 2.74 2.62 2.44 2.65 3.25 3.53 3.29 3.31 3.54 3.46 3.46 3.69 
3	8	281.26 282.10 276.29 275.47 280.46 283.25 280.67 282.05 279.87 282.52 283.97 282.90 280.80 
3	8	3.72 2.80 2.71 2.58 2.76 3.23 3.57 3.34 3.37 3.57 3.49 3.46 3.67 
3	9	282.23 279.75 289.01 288.49 282.87 287.99 279.46 277.82 282.72 283.99 279.73 285.51 283.87 
3	9	3.42 2.60 2.52 2.31 2.40 3.02 3.29 3.11 3.07 3.28 3.25 3.22 3.45 
3	10	280.40 275.23 277.85 279.40 280.11 279.32 278.02 277.70 280.08 287.88 276.04 275.85 279.52 
3	10	3.61 2.83 2.76 2.53 2.73 3.23 3.52 3.25 3.25 3.47 3.38 3.42 3.60 
3	11	268.32 268.41 274.55 267.82 276.43 269.45 271.28 274.41 272.74 268.52 274.03 274.34 272.43 
3	11	3.57 2.76 2.61 2.54 2.68 3.14 3.36 3.11 3.21 3.35 3.14 3.24 3.62 
3	12	277.48 272.30 274.31 270.84 278.20 269.52 273.70 274.17 271.31 274.69 274.39 273.33 274.01 
3	12	3.32 2.70 2.52 2.38 2.56 3.01 3.19 3.02 3.13 3.24 3.10 3.12 3.45 
3	13	273.26 271.69 274.58 273.85 282.12 271.60 272.81 275.36 278.37 279.67 275.04 273.30 276.39 
3	13	3.52 2.74 2.63 2.52 2.66 3.11 3.30 3.10 3.10 3.30 3.18 3.23 3.50 
3	14	266.60 267.96 270.29 270.13 275.23 268.04 273.28 264.79 271.16 270.85 268.61 275.66 267.32 
3	14	3.57 2.80 2.69 2.64 2.79 3.12 3.27 3.15 3.21 3.38 3.14 3.18 3.62 
3	15	273.81 274.44 275.26 272.39 273.57 268.37 268.29 277.94 277.73 274.10 272.91 274.84 273.28 
3	15	3.41 2.78 2.60 2.51 2.74 3.01 3.20 2.97 3.03 3.27 3.05 3.07 3.47 
3	16	272.25 264.79 263.63 268.06 259.04 262.89 266.72 262.48 265.95 263.73 267.66 264.43 274.64 
3	16	3.40 2.82 2.65 2.61 3.04 3.15 3.22 3.07 3.17 3.28 3.03 3.19 3.45 
3	17	267.52 262.10 264.33 267.91 268.11 258.12 258.72 270.54 265.96 268.11 259.94 263.94 260.82 
3	17	3.38 2.79 2.62 2.59 2.85 3.08 3.05 2.85 3.10 3.23 3.05 3.15 3.59 
3	18	264.53 262.51 261.00 259.81 259.39 258.80 264.14 264.49 266.37 265.82 266.91 266.16 261.53 
3	18	3.45 2.86 2.68 2.72 3.09 3.17 3.14 2.99 3.19 3.24 3.05 3.10 3.64 
3	19	257.09 252.81 262.68 259.44 257.84 257.58 256.80 253.81 260.57 261.24 264.15 257.30 260.40 
3	19	3.41 2.80 2.60 2.70 3.08 3.05 3.05 3.06 3.16 3.15 3.00 3.14 3.55 
3	20	253.77 257.47 256.35 256.64 255.00 255.77 254.87 252.15 253.72 256.10 253.87 254.71 256.94 
3	20	3.51 2.80 2.68 2.74 3.17 3.09 3.05 3.12 3.27 3.23 3.03 3.21 3.56 
3	21	260.75 255.43 253.11 253.56 254.67 248.43 257.68 258.25 257.11 256.99 254.68 250.41 258.11 
3	21	3.43 2.83 2.62 2.80 3.12 3.08 3.08 2.96 3.22 3.17 2.98 3.25 3.50 
3	22	248.13 247.06 249.84 256.01 246.03 251.69 254.98 250.77 248.04 252.86 255.21 247.04 251.60 
3	22	3.46 2.81 2.81 2.80 3.22 3.01 3.01 3.01 3.29 3.22 3.03 3.26 3.61 
3	23	253.88 248.46 247.82 251.13 249.60 249.23 248.91 251.42 249.28 250.23 251.15 245.62 252.81 
3	23	3.36 2.72 2.77 2.85 3.14 3.00 2.98 3.05 3.27 3.10 2.91 3.28 3.53 
3	24	256.13 249.82 249.19 250.90 254.86 246.50 251.80 250.34 254.06 253.51 254.59 248.00 256.27 
3	24	3.49 2.89 2.83 2.93 3.21 3.12 3.04 3.01 3.24 3.24 3.04 3.35 3.54 
3	25	249.34 244.94 253.89 252.83 251.60 247.88 250.40 246.30 251.03 250.48 248.82 245.73 251.28 
3	25	3.44 2.79 2.65 2.85 3.18 2.97 2.93 3.04 3.25 3.13 2.93 3.27 3.61 
3	26	257.79 252.28 247.82 253.77 252.01 251.38 251.24 258.42 256.86 252.25 255.84 253.91 250.22 
3	26	3.42 2.86 2.76 2.95 3.21 3.08 2.99 2.94 3.20 3.17 2.94 3.23 3.64 
3	27	249.16 246.45 245.66 243.79 246.29 242.41 250.10 246.52 246.78 251.03 248.82 251.34 241.53 
3	27	3.38 2.75 2.71 2.98 3.20 3.00 2.89 2.97 3.20 3.09 2.92 3.10 3.54 
3	28	245.56 248.93 242.96 244.04 249.81 246.69 246.64 245.82 242.55 244.00 247.39 250.08 249.54 
3	28	3.47 2.86 2.90 3.07 3.27 3.15 2.91 3.10 3.38 3.21 3.05 3.29 3.73 
3	29	237.33 239.89 246.43 247.43 240.11 243.70 245.22 242.03 245.57 238.32 246.19 242.59 254.08 
3	29	3.38 2.75 2.72 2.96 3.18 3.03 2.83 2.98 3.20 3.03 2.98 3.21 3.54 
3	30	250.65 243.45 247.65 258.55 248.83 241.66 250.54 246.81 249.83 248.02 250.44 249.02 250.75 
3	30	3.38 2.75 2.80 2.74 3.24 3.03 2.96 2.94 3.15 3.05 2.90 3.18 3.55 
3	31	244.50 245.59 240.85 249.82 242.13 241.13 244.19 245.33 249.74 251.30 246.99 244.48 247.66 
3	31	3.32 2.76 2.73 2.90 3.21 2.96 2.81 2.96 3.08 3.01 2.90 3.26 3.55 
3	32	241.85 241.31 237.39 246.41 242.21 237.03 242.66 241.24 242.30 243.55 243.25 239.22 241.99 
3	32	3.45 2.87 2.97 3.07 3.34 3.14 3.03 3.07 3.28 3.14 3.12 3.42 3.69 
3	33	252.50 254.54 249.14 255.90 248.13 253.56 244.00 249.44 255.61 250.38 248.03 250.32 250.74 
3	33	3.35 2.78 2.78 2.82 3.28 3.02 2.86 2.88 3.04 3.04 2.96 3.11 3.59 
3	34	245.22 248.54 246.64 246.95 250.27 250.34 246.49 248.82 245.74 252.39 246.08 250.47 246.77 
3	34	3.60 3.00 3.03 3.24 3.51 3.26 3.14 3.17 3.43 3.40 3.23 3.37 3.74 
3	35	244.14 242.96 247.25 242.65 247.17 238.82 244.06 245.33 245.16 247.50 240.86 249.16 241.14 
3	35	3.26 2.71 2.71 3.03 3.21 2.98 2.80 2.86 3.15 2.93 2.88 3.13 3.49 
3	36	245.38 246.38 244.98 243.38 236.49 240.97 241.26 247.48 242.35 240.91 239.81 245.26 243.83 
3	36	3.46 2.93 2.87 3.15 3.34 3.06 2.88 2.98 3.23 3.02 2.99 3.24 3.59 
3	37	247.53 248.85 251.03 251.13 250.04 249.20 243.50 244.63 249.23 251.48 240.60 244.17 250.28 
3	37	3.33 2.85 2.76 2.93 3.24 3.05 2.83 3.01 3.14 3.07 2.98 3.23 3.48 
3	38	243.38 236.37 238.59 230.68 235.61 243.17 230.85 237.98 238.71 237.27 240.27 238.71 237.57 
3	38	3.49 2.87 2.89 3.24 3.38 3.17 2.88 3.10 3.32 3.09 3.02 3.34 3.64 
3	39	232.10 235.51 233.75 234.78 241.54 232.30 238.44 232.80 234.83 239.24 240.63 242.46 242.12 
3	39	3.33 2.76 2.94 3.17 3.22 2.96 2.79 3.01 3.22 2.98 2.97 3.19 3.54 
3	40	245.37 240.38 239.58 238.71 242.37 245.00 244.48 240.53 242.40 241.94 238.86 241.77 240.88 
3	40	3.45 2.89 2.94 3.19 3.37 3.13 2.93 3.05 3.32 3.05 3.04 3.28 3.61 
3	41	237.44 235.35 236.29 235.32 244.75 237.86 235.22 247.08 237.40 239.11 237.60 231.19 237.87 
3	41	3.44 2.81 2.88 3.19 3.28 3.06 2.87 2.98 3.19 3.04 2.95 3.35 3.63 
3	42	241.72 244.58 244.18 242.32 238.03 238.01 238.23 241.30 242.77 239.95 239.15 244.00 241.49 
3	42	3.35 2.87 2.88 3.14 3.32 3.04 2.92 2.96 3.18 2.96 2.91 3.23 3.62 
3	43	241.99 243.17 239.16 239.67 230.75 232.93 232.76 237.44 242.89 237.05 239.18 232.55 241.13 
3	43	3.42 2.82 2.91 3.14 3.32 3.08 2.91 3.02 3.21 3.01 2.93 3.35 3.59 
3	44	236.63 236.63 240.56 233.51 234.61 229.90 232.92 240.32 239.40 234.84 232.92 235.31 239.33 
3	44	3.61 3.04 3.14 3.41 3.58 3.23 3.06 3.18 3.42 3.21 3.24 3.52 3.74 
3	45	227.42 231.37 235.58 234.02 232.59 224.92 225.48 229.17 233.80 230.42 226.02 235.52 230.67 
3	45	3.27 2.81 2.93 3.18 3.32 2.93 2.82 3.07 3.22 2.88 3.05 3.27 3.56 
3	46	234.61 230.78 232.65 231.99 230.25 228.11 234.25 226.77 233.69 232.44 231.97 232.34 232.58 
3	46	3.47 2.94 3.07 3.30 3.42 3.11 2.93 3.11 3.28 3.03 3.10 3.42 3.60 
3	47	231.31 225.63 229.23 226.38 220.55 229.63 229.70 231.69 233.00 222.86 224.93 223.13 230.54 
3	47	3.35 2.87 3.02 3.24 3.30 2.97 2.83 3.06 3.19 2.95 3.06 3.38 3.56 
3	48	234.87 233.12 236.79 233.99 233.73 233.40 232.94 231.01 233.78 232.99 229.46 225.46 236.52 
3	48	3.49 2.93 2.97 3.29 3.40 3.10 2.94 3.11 3.35 3.05 3.13 3.41 3.64 
3	49	226.06 226.12 226.97 232.84 224.80 223.77 228.04 226.40 226.51 225.67 229.83 228.12 231.45 
3	49	3.38 2.85 3.10 3.29 3.43 3.07 2.89 3.15 3.35 3.05 3.14 3.39 3.64 
3	50	235.71 235.98 235.83 236.95 235.22 237.11 237.96 240.23 239.45 237.03 241.56 236.97 241.97 
3	50	3.49 2.90 3.06 3.26 3.47 3.14 2.88 3.10 3.24 3.00 3.04 3.38 3.57 
3	51	231.12 229.76 227.38 227.94 230.03 225.47 232.29 226.66 225.82 227.47 225.68 230.71 229.88 
3	51	3.45 2.90 3.04 3.29 3.33 3.05 2.90 3.14 3.35 2.94 3.04 3.41 3.62 
3	52	235.12 232.10 231.24 230.25 236.55 238.39 231.93 233.36 228.25 238.67 236.20 235.48 238.09 
3	52	3.43 2.96 3.08 3.25 3.43 3.13 2.92 3.07 3.32 3.03 3.05 3.35 3.63 
3	53	234.42 231.49 239.07 231.33 234.27 231.15 235.66 231.06 238.92 236.09 235.02 232.91 234.41 
3	53	3.39 2.87 2.97 3.25 3.44 3.03 2.87 3.09 3.21 2.92 2.99 3.35 3.60 
3	54	234.15 231.74 226.05 233.52 225.94 229.87 232.57 225.66 225.68 226.55 222.66 225.57 232.14 
3	54	3.60 2.93 3.23 3.44 3.55 3.18 2.98 3.25 3.52 3.14 3.22 3.50 3.75 
3	55	231.02 227.35 231.40 233.16 229.56 235.91 231.40 227.85 233.62 230.36 231.84 229.20 232.89 
3	55	3.40 2.86 3.01 3.26 3.43 3.14 2.87 3.11 3.27 3.00 3.03 3.40 3.59 
3	56	236.27 228.98 236.12 232.91 236.22 233.82 228.63 229.35 238.87 231.40 234.32 235.37 235.98 
3	56	3.46 2.97 2.99 3.33 3.45 3.16 2.96 3.08 3.32 3.01 3.10 3.42 3.58 
3	57	237.88 234.29 240.37 239.92 236.13 241.33 233.92 243.06 237.98 238.14 240.38 236.24 242.22 
3	57	3.42 2.93 2.99 3.20 3.37 3.08 2.89 2.96 3.29 2.95 2.92 3.37 3.60 
3	58	236.04 239.81 233.23 236.68 239.72 225.76 234.62 235.86 232.83 236.91 232.02 234.44 238.78 
3	58	4.20 3.83 3.78 4.05 4.14 3.70 3.49 3.59 3.96 3.68 3.89 4.01 4.24 
3	59	225.22 231.79 225.29 222.67 235.28 228.18 232.69 226.46 226.79 231.17 225.99 231.25 228.78 
3	59	3.43 2.93 3.14 3.41 3.37 3.07 2.90 3.11 3.34 2.97 3.11 3.42 3.62 
3	60	222.94 226.29 232.32 226.06 231.27 223.99 219.26 225.89 225.86 224.92 229.28 232.48 227.45 
3	60	3.76 3.32 3.44 3.76 3.73 3.42 3.29 3.42 3.61 3.29 3.46 3.72 3.92 
3	61	230.70 235.05 235.40 233.52 234.06 233.40 236.00 232.76 226.83 238.72 239.63 236.73 238.80 
3	61	3.46 2.98 3.03 3.35 3.45 3.09 2.93 3.13 3.32 3.01 3.01 3.40 3.71 
3	62	233.64 233.14 235.61 231.25 235.76 236.52 232.36 240.98 231.33 237.97 235.00 232.70 229.67 
3	62	3.83 3.30 3.37 3.70 3.72 3.53 3.28 3.31 3.62 3.36 3.40 3.71 3.87 
3	63	226.80 235.52 238.46 232.73 237.20 232.51 232.66 230.38 230.19 234.21 235.00 232.84 231.31 
3	63	3.37 2.99 3.00 3.33 3.47 3.14 2.92 3.09 3.34 3.12 3.04 3.40 3.58 
