CHIP	CH	SCA 0 SCA 1 SCA 2 SCA 3 SCA 4 SCA 5 SCA 6 SCA 7 SCA 8 SCA 9 SCA 10 SCA 11 SCA 12 
0	0	282.09 269.48 273.13 269.93 274.03 273.62 275.44 269.13 259.52 275.04 267.63 277.12 266.81 
0	0	5.35 2.05 2.27 2.06 1.89 5.22 5.48 5.61 5.51 5.25 5.66 5.63 5.48 
0	1	264.56 270.02 271.03 272.27 269.39 269.77 269.45 269.97 262.68 269.06 269.76 276.24 273.64 
0	1	5.19 2.08 2.24 2.02 1.89 5.04 5.36 5.39 5.32 5.04 5.47 5.43 5.26 
0	2	260.35 249.07 260.99 261.08 255.51 258.33 257.55 254.28 256.99 254.21 260.52 258.06 262.43 
0	2	5.03 2.07 2.35 2.20 2.08 4.91 5.25 5.36 5.17 4.91 5.26 5.39 5.14 
0	3	264.91 265.12 260.48 265.05 267.75 269.54 269.43 263.22 264.73 264.12 271.63 265.84 267.92 
0	3	4.88 2.08 2.40 2.09 1.94 4.70 4.97 5.10 4.95 4.70 5.14 5.21 4.90 
0	4	263.39 253.02 261.13 262.08 261.32 258.13 259.36 257.87 267.40 264.55 260.58 259.15 257.69 
0	4	4.78 2.10 2.28 2.15 2.03 4.57 4.87 4.99 4.75 4.58 4.86 5.15 4.80 
0	5	271.51 264.43 258.93 267.17 268.09 265.80 268.54 269.77 267.07 270.39 263.43 265.36 262.74 
0	5	4.60 2.07 2.33 2.13 1.90 4.40 4.67 4.77 4.64 4.39 4.81 4.89 4.54 
0	6	261.15 261.78 261.11 263.96 268.88 263.78 259.40 262.06 264.05 264.32 265.51 263.10 267.18 
0	6	4.44 2.08 2.31 2.19 1.92 4.24 4.60 4.71 4.51 4.26 4.67 4.78 4.39 
0	7	259.59 250.39 244.83 254.50 259.92 256.10 258.66 251.33 251.68 256.82 257.34 249.58 251.89 
0	7	4.32 2.08 2.45 2.26 2.08 4.10 4.44 4.57 4.54 4.16 4.53 4.85 4.35 
0	8	256.78 254.39 263.40 256.42 257.70 262.41 257.85 258.70 264.18 259.63 261.58 262.22 261.11 
0	8	4.18 2.08 2.36 2.30 2.11 3.99 4.40 4.46 4.27 4.07 4.47 4.57 4.11 
0	9	246.90 248.67 251.76 248.15 247.25 255.94 253.34 252.66 250.22 254.14 258.37 249.91 251.78 
0	9	4.12 2.12 2.42 2.40 2.19 3.88 4.24 4.35 4.33 3.94 4.32 4.62 4.09 
0	10	261.66 253.84 259.18 264.25 257.90 261.96 256.97 262.28 257.25 256.81 254.28 262.62 259.56 
0	10	3.96 2.05 2.34 2.18 2.06 3.74 4.13 4.19 4.12 3.80 4.26 4.32 3.87 
0	11	256.72 256.09 259.90 261.45 254.50 255.77 257.70 249.47 256.24 252.61 258.25 252.95 253.71 
0	11	3.84 2.06 2.35 2.21 2.11 3.56 4.00 4.17 3.98 3.72 4.07 4.38 3.80 
0	12	260.86 254.45 265.67 256.74 257.41 259.02 255.92 257.41 254.62 262.79 260.81 260.44 263.88 
0	12	3.77 2.13 2.31 2.31 2.09 3.44 3.93 4.00 3.95 3.60 4.04 4.16 3.61 
0	13	250.73 245.91 249.85 249.24 248.09 248.84 254.06 245.44 251.29 252.72 253.66 250.00 253.99 
0	13	3.77 2.09 2.42 2.38 2.15 3.44 3.85 4.01 3.86 3.56 3.93 4.33 3.61 
0	14	256.35 255.26 244.89 248.65 244.86 247.31 251.96 251.17 247.48 244.21 250.64 252.99 249.12 
0	14	3.54 2.07 2.45 2.42 2.22 3.36 3.78 3.91 3.80 3.50 3.84 4.21 3.58 
0	15	247.89 248.64 247.24 243.26 249.12 248.51 246.29 251.20 245.14 246.31 246.91 247.27 244.61 
0	15	3.52 2.07 2.38 2.49 2.16 3.21 3.71 3.79 3.75 3.34 3.79 4.16 3.65 
0	16	253.61 259.08 256.58 249.88 250.33 255.05 256.16 257.12 249.75 250.96 248.95 249.03 250.95 
0	16	3.47 2.11 2.37 2.40 2.16 3.20 3.55 3.68 3.60 3.24 3.72 4.08 3.43 
0	17	250.30 247.86 254.47 246.93 252.61 252.71 251.97 250.99 252.90 254.01 252.67 255.44 252.84 
0	17	3.38 2.10 2.40 2.42 2.14 3.10 3.53 3.57 3.54 3.16 3.67 3.95 3.25 
0	18	246.47 249.95 250.45 256.00 247.34 247.43 249.77 246.59 253.75 257.65 244.94 247.52 253.58 
0	18	3.28 2.06 2.45 2.37 2.25 3.02 3.46 3.61 3.43 2.99 3.60 3.99 3.20 
0	19	251.03 255.53 250.75 253.46 253.32 250.24 244.35 251.02 250.28 247.68 244.95 253.24 248.57 
0	19	3.16 2.10 2.43 2.37 2.19 2.96 3.37 3.52 3.38 2.97 3.43 3.85 3.21 
0	20	245.30 249.63 248.52 241.21 253.58 249.22 252.65 242.10 245.77 250.96 245.87 248.92 251.31 
0	20	3.18 2.14 2.42 2.45 2.17 2.93 3.31 3.45 3.37 2.94 3.38 3.87 3.06 
0	21	242.49 243.91 242.34 239.52 238.02 239.55 236.77 245.04 244.16 235.92 239.25 237.73 245.86 
0	21	3.10 2.09 2.41 2.46 2.34 2.92 3.26 3.38 3.32 2.89 3.25 3.86 3.12 
0	22	254.23 246.85 246.07 248.85 247.01 242.88 247.22 245.68 245.81 250.32 251.42 239.90 244.72 
0	22	3.03 2.13 2.45 2.42 2.21 2.83 3.23 3.35 3.28 2.73 3.28 3.86 3.09 
0	23	246.61 245.46 241.79 239.88 242.70 240.53 245.11 245.33 246.85 240.48 245.02 242.90 246.01 
0	23	2.98 2.09 2.46 2.52 2.26 2.74 3.17 3.31 3.23 2.84 3.24 3.81 3.01 
0	24	243.29 242.75 247.53 243.69 246.36 247.63 247.68 235.22 241.97 245.84 241.85 233.26 241.62 
0	24	2.97 2.05 2.41 2.49 2.24 2.76 3.19 3.21 3.18 2.69 3.13 3.76 3.12 
0	25	241.50 236.28 238.29 237.79 232.65 239.51 236.47 234.10 237.45 238.34 239.49 239.80 236.98 
0	25	2.92 2.08 2.42 2.54 2.40 2.75 3.11 3.19 3.14 2.67 3.13 3.69 3.23 
0	26	235.96 237.90 242.56 238.03 240.31 236.31 239.37 238.46 243.31 234.78 234.54 235.94 235.02 
0	26	2.89 2.05 2.46 2.55 2.36 2.70 3.13 3.19 3.10 2.67 3.00 3.74 3.20 
0	27	244.07 241.44 240.20 239.84 239.72 243.66 243.86 243.72 245.96 243.51 242.27 244.35 248.49 
0	27	2.82 2.05 2.43 2.47 2.34 2.64 2.96 3.16 3.03 2.57 3.03 3.60 2.83 
0	28	241.01 234.63 236.05 238.59 238.30 238.32 233.35 240.89 241.09 235.06 242.63 236.79 234.18 
0	28	2.86 2.12 2.47 2.54 2.32 2.63 2.98 3.10 2.99 2.52 3.00 3.70 3.14 
0	29	248.17 244.93 237.62 245.80 244.77 249.57 244.70 247.70 249.56 246.80 246.66 248.98 247.41 
0	29	2.72 2.06 2.39 2.49 2.29 2.58 2.92 3.07 2.85 2.42 3.01 3.57 2.73 
0	30	247.86 242.60 247.12 245.88 243.54 246.37 247.57 247.32 248.08 239.78 247.08 246.50 242.83 
0	30	2.66 2.07 2.50 2.51 2.29 2.54 2.90 3.02 2.84 2.41 3.05 3.53 2.90 
0	31	246.01 240.20 238.75 241.82 237.28 241.57 238.76 244.21 240.79 238.96 245.73 235.34 241.56 
0	31	2.70 2.09 2.41 2.48 2.33 2.49 2.89 2.96 2.91 2.37 2.98 3.60 2.84 
0	32	239.53 236.50 238.81 240.80 240.93 238.92 234.14 235.17 235.68 235.68 247.40 239.17 241.43 
0	32	2.61 2.08 2.50 2.58 2.31 2.48 2.87 2.95 2.92 2.42 2.98 3.56 2.81 
0	33	235.10 229.75 230.41 228.50 229.45 224.99 230.53 232.50 229.32 228.43 233.64 235.57 229.37 
0	33	2.55 2.07 2.49 2.53 2.46 2.49 2.87 2.91 2.93 2.43 2.72 3.57 3.09 
0	34	238.78 228.12 227.23 234.05 237.21 230.41 236.06 236.06 233.86 234.54 235.05 232.93 232.28 
0	34	2.63 2.07 2.50 2.51 2.36 2.50 2.78 2.89 2.86 2.29 2.66 3.47 3.02 
0	35	243.16 234.23 237.98 240.30 235.83 238.03 235.22 237.13 235.05 229.71 238.57 241.48 236.85 
0	35	2.58 2.10 2.51 2.52 2.37 2.45 2.80 2.88 2.84 2.39 2.74 3.53 2.91 
0	36	244.15 240.06 242.94 244.74 239.34 240.21 238.27 239.87 238.49 240.54 243.51 239.27 236.18 
0	36	2.55 2.09 2.49 2.54 2.40 2.43 2.79 2.86 2.84 2.23 2.74 3.50 2.88 
0	37	238.93 235.13 239.47 241.18 242.55 236.90 245.76 240.12 239.70 239.47 242.70 239.90 241.77 
0	37	2.58 2.06 2.48 2.51 2.36 2.44 2.70 2.92 2.76 2.20 2.73 3.46 2.67 
0	38	229.45 230.33 237.40 233.23 230.05 233.87 228.16 234.75 233.33 234.77 228.69 237.90 232.40 
0	38	2.50 2.03 2.46 2.62 2.46 2.40 2.86 2.81 2.77 2.18 2.44 3.46 2.91 
0	39	238.17 233.14 235.93 238.17 244.04 234.42 240.21 242.98 240.25 238.99 233.25 239.14 240.68 
0	39	2.49 2.04 2.54 2.54 2.28 2.40 2.77 2.88 2.66 2.11 2.54 3.37 2.60 
0	40	244.41 240.71 239.76 242.88 240.97 243.55 240.82 238.91 238.93 243.37 240.98 240.28 240.63 
0	40	2.49 2.11 2.51 2.52 2.33 2.34 2.71 2.81 2.69 2.12 2.65 3.41 2.64 
0	41	234.03 233.12 232.60 236.33 235.66 228.34 227.92 233.95 235.79 234.66 237.75 234.02 231.49 
0	41	2.47 2.04 2.44 2.58 2.39 2.39 2.83 2.79 2.72 2.13 2.64 3.43 2.85 
0	42	245.69 242.27 239.07 239.33 240.92 242.13 236.53 237.76 237.14 243.02 241.84 243.10 239.91 
0	42	2.45 2.09 2.49 2.58 2.36 2.39 2.71 2.83 2.67 2.03 2.59 3.40 2.68 
0	43	236.04 237.24 230.27 226.38 232.32 239.64 235.90 248.27 232.06 237.52 236.44 242.96 239.67 
0	43	2.37 2.06 2.50 2.60 2.40 2.33 2.66 2.77 2.74 2.05 2.56 3.36 2.62 
0	44	245.86 243.01 252.77 245.67 245.85 244.66 245.29 244.86 242.30 242.29 248.08 249.30 241.34 
0	44	2.44 2.11 2.50 2.52 2.22 2.32 2.71 2.74 2.68 2.03 2.74 3.30 2.53 
0	45	235.36 226.86 231.78 234.56 235.08 232.10 235.96 233.39 236.25 238.17 234.47 234.74 230.69 
0	45	2.41 2.11 2.52 2.62 2.40 2.33 2.67 2.74 2.64 2.06 2.51 3.36 2.83 
0	46	234.30 235.60 230.51 236.58 235.52 232.09 231.76 229.41 228.97 229.22 230.81 225.46 229.63 
0	46	2.39 2.04 2.43 2.58 2.39 2.37 2.71 2.70 2.70 2.12 2.35 3.33 2.84 
0	47	246.11 239.09 246.51 248.76 239.63 238.42 247.80 244.66 242.32 250.86 244.45 237.38 242.62 
0	47	2.41 2.09 2.52 2.51 2.35 2.26 2.60 2.71 2.59 1.91 2.69 3.40 2.45 
0	48	241.09 237.38 237.65 237.16 238.85 239.58 239.65 234.52 235.89 227.79 238.93 241.53 241.22 
0	48	2.43 2.08 2.49 2.63 2.35 2.32 2.67 2.72 2.63 2.18 2.55 3.35 2.50 
0	49	237.66 236.66 229.42 235.83 238.86 231.75 238.45 237.61 234.19 233.05 231.41 231.55 235.94 
0	49	2.36 2.04 2.52 2.59 2.40 2.29 2.66 2.72 2.67 2.06 2.36 3.37 2.70 
0	50	237.63 236.79 235.86 235.22 238.92 235.80 232.61 238.62 233.69 234.21 233.09 234.09 239.18 
0	50	2.40 2.05 2.47 2.62 2.39 2.27 2.65 2.76 2.67 2.08 2.41 3.36 2.57 
0	51	245.59 239.80 238.34 238.98 242.07 234.34 241.88 241.18 243.03 238.27 240.67 239.19 247.82 
0	51	2.37 2.14 2.47 2.61 2.35 2.29 2.61 2.73 2.59 2.00 2.56 3.35 2.28 
0	52	238.61 232.90 230.99 229.79 232.32 228.49 235.78 228.79 229.58 238.66 232.34 233.50 228.60 
0	52	2.31 2.06 2.48 2.58 2.40 2.26 2.65 2.71 2.64 1.98 2.43 3.32 2.83 
0	53	244.86 244.02 243.15 244.47 242.25 247.09 239.99 240.30 236.77 243.60 240.58 240.95 247.16 
0	53	2.32 2.12 2.45 2.48 2.34 2.25 2.63 2.71 2.56 1.95 2.49 3.29 2.28 
0	54	227.07 225.96 228.73 232.55 224.12 231.33 228.82 229.84 225.20 231.56 234.54 226.63 226.81 
0	54	2.39 2.06 2.49 2.64 2.51 2.22 2.69 2.74 2.71 2.05 2.47 3.29 2.85 
0	55	240.10 230.13 238.86 239.99 232.24 230.27 233.11 233.67 236.83 233.41 240.78 233.38 233.20 
0	55	2.37 2.04 2.56 2.55 2.40 2.25 2.67 2.74 2.58 1.97 2.50 3.33 2.72 
0	56	237.13 235.61 237.79 239.84 237.54 240.71 238.55 245.79 240.03 238.63 244.41 242.48 239.66 
0	56	2.33 2.06 2.45 2.56 2.39 2.21 2.57 2.67 2.52 1.93 2.52 3.33 2.50 
0	57	239.34 234.80 243.90 237.21 239.85 233.36 243.44 235.86 237.94 234.12 239.69 239.32 239.15 
0	57	2.33 2.08 2.44 2.60 2.33 2.24 2.57 2.70 2.56 1.98 2.54 3.29 2.53 
0	58	231.82 231.06 229.66 235.12 235.84 226.61 230.45 235.66 229.61 227.42 230.22 233.25 227.91 
0	58	2.38 2.06 2.49 2.64 2.39 2.29 2.60 2.69 2.66 2.09 2.28 3.28 2.82 
0	59	235.85 239.08 236.62 242.53 233.10 238.08 243.24 235.72 236.40 239.08 228.85 233.50 233.10 
0	59	2.37 2.09 2.49 2.57 2.37 2.25 2.66 2.70 2.59 1.95 2.24 3.32 2.70 
0	60	238.37 243.14 233.73 239.76 242.14 243.53 242.99 241.99 238.52 240.03 241.53 241.32 240.59 
0	60	2.34 2.13 2.55 2.55 2.32 2.24 2.55 2.75 2.54 1.89 2.56 3.28 2.44 
0	61	237.31 227.22 232.30 230.23 231.59 230.95 229.71 232.62 234.04 231.65 229.63 231.25 232.07 
0	61	2.30 2.01 2.46 2.60 2.44 2.25 2.59 2.72 2.65 2.01 2.29 3.28 2.69 
0	62	228.84 226.62 220.55 223.20 227.28 227.36 227.58 229.50 224.69 225.70 235.33 227.89 224.26 
0	62	2.36 2.05 2.48 2.64 2.45 2.27 2.66 2.66 2.72 2.09 2.39 3.29 2.91 
0	63	226.50 227.19 225.22 227.65 229.86 224.42 225.86 227.37 224.67 228.03 231.96 226.33 226.43 
0	63	2.38 2.11 2.42 2.59 2.43 2.21 2.67 2.65 2.71 2.02 2.34 3.28 2.87 
1	0	263.04 261.11 263.34 263.67 265.62 260.06 263.33 262.84 263.41 261.93 258.16 256.89 260.43 
1	0	4.52 2.32 2.08 2.64 2.13 4.06 4.35 4.37 4.16 4.69 4.30 4.66 4.43 
1	1	251.87 256.29 250.49 254.09 253.09 249.36 258.26 251.52 250.66 261.30 248.46 251.59 252.57 
1	1	4.40 2.42 1.99 2.65 2.30 3.81 4.16 4.31 4.05 4.47 4.09 4.50 4.35 
1	2	252.29 252.91 254.18 252.35 254.25 253.87 250.85 249.72 251.31 252.85 249.07 258.36 253.62 
1	2	4.19 2.46 2.01 2.73 2.32 3.61 4.10 4.06 3.92 4.39 3.83 4.32 4.18 
1	3	260.20 260.28 250.00 253.04 260.76 256.19 262.62 256.30 259.97 254.16 256.43 256.37 265.62 
1	3	4.00 2.34 1.96 2.67 2.23 3.48 3.84 3.92 3.66 4.20 3.65 4.19 3.78 
1	4	251.25 249.95 259.79 250.09 255.91 246.96 253.09 246.14 251.01 255.34 251.01 255.53 255.15 
1	4	3.94 2.49 2.05 2.70 2.32 3.28 3.79 3.75 3.59 4.02 3.47 4.04 3.77 
1	5	238.68 249.20 242.44 242.05 241.32 243.75 242.34 241.21 239.52 240.22 246.33 244.80 243.61 
1	5	3.77 2.52 2.07 2.73 2.52 3.17 3.65 3.61 3.51 3.99 3.38 3.81 3.82 
1	6	247.47 241.20 243.49 239.55 243.79 247.32 249.74 243.93 240.89 248.54 244.90 247.56 248.10 
1	6	3.67 2.56 2.07 2.84 2.52 3.01 3.54 3.53 3.38 3.82 3.29 3.69 3.62 
1	7	242.58 249.48 249.65 247.98 240.71 244.70 247.39 246.63 241.34 246.96 244.30 244.72 243.08 
1	7	3.59 2.53 2.01 2.76 2.53 2.90 3.42 3.37 3.29 3.71 3.17 3.53 3.55 
1	8	239.84 243.31 242.47 247.62 242.85 244.64 247.95 243.70 239.81 239.04 242.19 243.71 241.63 
1	8	3.44 2.60 2.03 2.80 2.51 2.80 3.27 3.28 3.23 3.60 3.09 3.46 3.54 
1	9	235.91 240.45 236.49 244.93 241.80 238.57 244.66 241.64 233.32 236.69 233.58 239.22 237.11 
1	9	3.27 2.71 2.06 2.74 2.51 2.74 3.28 3.16 3.13 3.51 3.12 3.27 3.50 
1	10	243.84 249.73 253.18 244.43 255.48 249.33 248.82 244.99 251.30 248.11 242.39 248.51 250.42 
1	10	3.26 2.61 2.04 2.76 2.38 2.61 3.20 3.08 2.91 3.44 2.88 3.33 3.08 
1	11	243.75 235.83 239.18 235.92 237.10 236.97 238.91 243.62 235.70 242.92 245.77 239.46 235.16 
1	11	3.13 2.70 2.08 2.77 2.57 2.58 3.18 2.99 2.96 3.39 2.72 3.16 3.28 
1	12	242.76 238.28 239.02 230.84 244.63 238.96 240.86 240.41 239.43 245.36 240.23 243.85 235.09 
1	12	3.09 2.71 2.03 2.81 2.54 2.51 2.98 2.98 2.82 3.26 2.76 3.10 3.23 
1	13	243.60 245.41 246.20 246.47 238.44 245.45 246.16 246.96 244.67 244.00 241.43 246.38 242.40 
1	13	3.01 2.60 2.04 2.79 2.61 2.40 2.98 2.87 2.70 3.24 2.66 3.02 3.04 
1	14	240.65 226.93 231.23 239.90 234.26 233.52 233.13 229.12 230.55 231.29 236.96 232.92 233.28 
1	14	2.90 2.74 2.20 2.82 2.63 2.41 2.90 2.97 2.82 3.22 2.76 2.80 3.21 
1	15	237.49 238.05 231.40 235.49 237.79 236.64 234.18 234.86 233.85 231.82 238.37 238.44 242.89 
1	15	2.80 2.73 2.18 2.77 2.63 2.34 2.92 2.84 2.61 3.08 2.58 2.85 2.91 
1	16	229.01 232.29 237.58 235.29 231.12 230.57 236.67 230.31 228.01 236.85 231.65 225.35 235.84 
1	16	2.72 2.75 2.08 2.78 2.68 2.36 2.81 2.81 2.69 3.10 2.76 2.59 3.05 
1	17	229.90 232.90 233.39 236.04 237.65 233.43 236.94 236.76 232.91 233.36 234.31 241.95 235.90 
1	17	2.73 2.74 2.16 2.81 2.56 2.31 2.83 2.75 2.55 3.02 2.55 2.87 2.99 
1	18	234.68 236.43 228.66 233.35 235.03 230.89 233.06 230.36 233.61 232.67 226.96 237.65 229.92 
1	18	2.68 2.75 2.23 2.82 2.57 2.31 2.87 2.81 2.51 3.08 2.73 2.80 3.12 
1	19	223.27 231.97 230.99 230.34 227.56 224.52 227.72 225.35 228.10 223.51 226.45 227.95 229.02 
1	19	2.55 2.80 2.21 2.75 2.72 2.32 2.74 2.82 2.59 2.84 2.78 2.53 3.10 
1	20	229.26 232.41 222.49 232.98 228.15 226.98 227.60 231.68 224.72 224.16 233.05 225.45 222.91 
1	20	2.58 2.78 2.27 2.81 2.67 2.31 2.78 2.72 2.54 2.85 2.58 2.50 3.14 
1	21	223.26 219.28 226.15 221.10 234.01 229.29 229.72 223.86 223.17 225.70 226.36 225.15 224.70 
1	21	2.50 2.87 2.17 2.70 2.56 2.28 2.78 2.81 2.45 2.90 2.63 2.45 3.12 
1	22	224.69 227.44 222.14 231.77 222.63 221.78 224.38 226.37 227.03 223.39 220.78 225.05 223.97 
1	22	2.50 2.84 2.23 2.72 2.73 2.24 2.69 2.75 2.46 2.81 2.74 2.42 3.13 
1	23	229.61 228.58 229.49 223.08 227.92 225.57 228.21 227.93 229.23 228.90 224.32 228.50 230.59 
1	23	2.51 2.83 2.16 2.77 2.70 2.16 2.79 2.74 2.41 2.89 2.61 2.47 2.99 
1	24	223.93 222.36 225.58 229.84 222.58 223.39 224.08 218.65 222.62 223.74 220.45 223.44 229.43 
1	24	2.50 2.79 2.26 2.79 2.72 2.20 2.71 2.74 2.48 2.81 2.69 2.39 3.03 
1	25	222.74 215.78 209.80 222.59 214.15 218.28 219.40 221.71 220.48 221.58 218.56 215.99 218.28 
1	25	2.40 2.85 2.39 2.68 2.67 2.20 2.70 2.79 2.44 2.78 2.69 2.20 3.08 
1	26	215.26 221.00 229.44 218.24 221.03 224.04 228.08 225.53 226.70 226.61 222.05 222.71 218.43 
1	26	2.38 2.80 2.21 2.75 2.71 2.20 2.70 2.75 2.45 2.80 2.61 2.35 3.14 
1	27	222.30 222.77 217.85 226.16 221.32 217.96 227.15 218.97 216.91 221.86 219.31 220.25 225.02 
1	27	2.35 2.86 2.26 2.74 2.70 2.15 2.72 2.76 2.41 2.73 2.61 2.34 3.11 
1	28	223.13 223.92 222.01 219.00 220.13 221.53 221.72 220.91 227.26 218.36 219.81 220.60 221.29 
1	28	2.41 2.91 2.29 2.71 2.73 2.22 2.75 2.78 2.42 2.73 2.64 2.33 3.12 
1	29	221.56 218.17 219.15 216.05 215.98 215.95 210.89 217.54 212.81 218.74 216.31 222.78 221.06 
1	29	2.38 2.90 2.30 2.72 2.75 2.20 2.69 2.77 2.42 2.73 2.68 2.36 3.08 
1	30	232.79 236.95 228.79 234.88 232.10 226.52 234.07 232.93 232.42 235.08 232.07 238.01 239.93 
1	30	2.49 2.71 2.23 2.81 2.72 2.20 2.71 2.64 2.39 2.99 2.42 2.71 2.81 
1	31	210.34 216.78 217.20 214.30 219.92 218.43 215.21 214.30 223.28 220.24 220.79 224.36 220.87 
1	31	2.29 2.93 2.34 2.68 2.71 2.25 2.75 2.76 2.39 2.84 2.62 2.42 3.09 
1	32	229.12 220.63 218.87 220.45 220.96 222.73 226.96 219.63 224.08 223.24 224.04 221.59 226.41 
1	32	2.55 2.86 2.28 2.78 2.69 2.28 2.78 2.83 2.40 2.82 2.64 2.42 3.08 
1	33	219.39 230.29 221.23 221.65 219.74 219.53 215.78 213.38 219.36 224.98 220.53 220.00 224.47 
1	33	2.36 2.82 2.32 2.67 2.72 2.29 2.77 2.76 2.47 2.85 2.61 2.35 3.06 
1	34	224.76 222.26 225.04 229.47 226.82 224.30 225.82 226.82 221.74 224.50 223.45 227.69 226.33 
1	34	2.44 2.87 2.24 2.81 2.78 2.27 2.80 2.79 2.46 2.83 2.64 2.55 3.04 
1	35	225.23 221.13 223.73 224.75 220.91 220.17 220.66 223.64 223.26 225.55 221.99 218.74 224.93 
1	35	2.42 2.84 2.25 2.75 2.75 2.34 2.82 2.83 2.39 2.86 2.59 2.39 3.06 
1	36	219.99 220.70 218.77 210.13 217.42 210.90 216.03 217.12 217.94 213.20 217.33 214.62 218.52 
1	36	2.44 2.91 2.37 2.64 2.71 2.33 2.80 2.78 2.44 2.66 2.72 2.30 3.17 
1	37	220.92 220.64 218.10 218.72 217.83 216.28 218.79 227.72 217.04 216.78 218.98 215.39 224.90 
1	37	2.45 2.93 2.31 2.70 2.79 2.30 2.82 2.81 2.46 2.78 2.71 2.30 3.05 
1	38	221.17 224.20 226.71 224.33 222.93 229.53 227.05 226.61 223.42 228.84 226.64 225.33 229.56 
1	38	2.47 2.86 2.31 2.77 2.77 2.40 2.84 2.82 2.48 2.97 2.55 2.54 3.07 
1	39	217.93 226.38 221.70 222.01 221.88 217.91 223.06 228.19 222.43 221.28 220.95 223.34 218.54 
1	39	2.45 2.93 2.35 2.74 2.73 2.33 2.87 2.76 2.45 2.82 2.60 2.54 3.20 
1	40	220.04 222.38 224.00 215.41 220.37 218.81 221.46 222.63 217.66 215.81 220.46 220.80 223.30 
1	40	2.54 2.94 2.31 2.72 2.75 2.39 2.86 2.76 2.48 2.81 2.66 2.53 3.13 
1	41	219.34 217.63 220.43 217.45 216.11 216.87 215.84 226.69 214.20 221.36 217.58 217.00 216.37 
1	41	2.54 2.91 2.35 2.76 2.81 2.42 2.87 2.83 2.52 2.83 2.65 2.39 3.22 
1	42	218.66 223.69 212.30 215.76 223.07 220.33 216.76 217.68 215.47 216.94 213.11 216.66 215.02 
1	42	2.56 2.97 2.42 2.71 2.76 2.43 2.88 2.85 2.54 2.82 2.86 2.41 3.20 
1	43	215.33 214.32 216.49 221.56 221.04 216.70 215.34 221.77 215.05 217.25 216.43 214.53 216.68 
1	43	2.54 2.98 2.40 2.76 2.77 2.43 2.89 2.82 2.55 2.86 2.75 2.44 3.18 
1	44	222.78 223.22 223.77 219.06 220.90 217.37 218.73 223.43 222.37 223.32 221.87 222.99 221.93 
1	44	2.59 2.96 2.41 2.78 2.79 2.39 2.92 2.78 2.55 2.93 2.66 2.64 3.21 
1	45	212.67 213.61 218.30 218.20 218.40 216.54 214.36 221.57 215.16 220.44 218.47 217.55 218.13 
1	45	2.51 2.98 2.39 2.77 2.83 2.47 2.86 2.86 2.58 2.84 2.74 2.50 3.24 
1	46	229.02 227.88 225.90 224.83 227.05 222.74 224.10 221.20 219.30 230.91 217.05 231.72 219.43 
1	46	2.70 2.98 2.35 2.93 2.79 2.49 2.96 2.87 2.60 3.10 2.81 2.80 3.27 
1	47	220.01 225.10 218.05 223.48 218.76 217.96 223.43 218.05 222.17 225.18 221.24 215.93 220.22 
1	47	2.50 2.99 2.33 2.85 2.74 2.43 2.99 2.91 2.58 3.05 2.67 2.49 3.22 
1	48	217.73 223.75 223.51 227.73 223.86 217.06 215.53 220.24 215.66 215.00 223.35 225.97 224.17 
1	48	2.53 2.95 2.33 2.86 2.79 2.45 2.93 2.90 2.58 2.83 2.68 2.71 3.21 
1	49	210.03 214.49 210.02 213.43 214.15 218.00 207.96 211.39 214.98 213.89 217.56 212.54 214.14 
1	49	2.50 2.98 2.42 2.74 2.74 2.47 2.88 2.87 2.57 2.81 2.80 2.45 3.23 
1	50	221.01 223.18 216.92 228.35 219.94 215.35 217.78 222.26 222.73 219.20 213.53 219.47 221.10 
1	50	2.61 2.97 2.40 2.88 2.79 2.51 2.96 2.92 2.64 2.94 2.86 2.56 3.20 
1	51	220.32 217.68 219.07 215.44 216.64 215.88 222.84 218.60 219.47 222.81 219.43 215.46 221.96 
1	51	2.53 2.98 2.36 2.74 2.82 2.46 2.99 2.94 2.56 3.01 2.74 2.49 3.25 
1	52	213.81 215.00 219.21 220.02 216.09 211.26 219.64 222.52 216.95 219.59 214.67 216.37 221.28 
1	52	2.64 3.00 2.41 2.80 2.87 2.51 2.99 2.89 2.62 2.91 2.84 2.52 3.20 
1	53	217.95 214.97 214.51 208.79 212.23 216.52 216.97 214.13 208.38 212.03 216.21 220.42 216.81 
1	53	2.59 3.00 2.43 2.69 2.76 2.53 2.95 2.91 2.58 2.81 2.83 2.63 3.26 
1	54	218.97 221.82 211.13 221.53 221.36 222.22 224.89 219.03 219.19 215.50 217.70 219.59 214.37 
1	54	2.64 3.00 2.51 2.80 2.80 2.55 2.97 2.94 2.62 2.87 2.84 2.65 3.27 
1	55	220.08 219.83 217.70 214.31 225.29 216.69 214.87 214.01 219.21 225.50 217.97 220.68 216.49 
1	55	2.59 2.96 2.39 2.72 2.86 2.51 3.01 2.95 2.64 3.08 2.74 2.62 3.23 
1	56	229.66 224.46 228.33 219.19 225.36 226.94 216.16 220.68 226.35 222.35 224.52 221.80 224.35 
1	56	2.78 3.00 2.33 2.85 2.84 2.52 2.97 2.93 2.70 3.02 2.84 2.73 3.28 
1	57	221.02 223.71 217.44 218.58 217.64 221.54 218.61 212.04 222.56 217.76 221.66 217.11 214.05 
1	57	2.61 2.95 2.40 2.80 2.81 2.50 3.01 2.92 2.64 2.95 2.78 2.58 3.32 
1	58	212.44 212.70 211.76 206.66 205.52 209.10 210.93 215.54 218.69 210.02 211.06 216.09 214.81 
1	58	2.61 2.98 2.47 2.65 2.76 2.52 2.94 2.96 2.64 2.81 2.98 2.55 3.31 
1	59	212.95 217.16 213.95 216.13 210.71 208.21 222.31 211.41 220.89 220.11 211.26 218.57 210.87 
1	59	2.58 2.98 2.40 2.77 2.82 2.58 3.05 2.92 2.60 2.95 2.90 2.59 3.34 
1	60	220.15 226.72 223.50 216.12 214.46 220.33 217.71 220.80 216.48 217.85 216.71 214.79 209.79 
1	60	2.59 2.91 2.35 2.78 2.82 2.49 2.98 2.93 2.63 2.88 2.83 2.48 3.30 
1	61	209.51 209.21 210.68 212.71 216.61 209.53 214.65 217.19 210.68 218.17 212.90 213.18 216.27 
1	61	2.57 3.02 2.43 2.73 2.83 2.55 2.98 2.96 2.62 2.94 2.95 2.47 3.26 
1	62	217.09 219.67 216.90 218.85 230.10 225.05 215.93 220.30 219.63 221.76 218.21 222.93 217.65 
1	62	2.63 2.98 2.35 2.77 2.76 2.60 3.00 2.94 2.59 3.01 2.77 2.76 3.27 
1	63	212.75 212.16 207.24 215.70 212.06 211.05 214.04 213.07 210.82 219.12 219.23 212.67 214.93 
1	63	2.64 3.02 2.54 2.74 2.79 2.55 3.01 2.94 2.62 2.94 2.78 2.53 3.29 
2	0	257.60 258.76 252.85 253.55 253.32 258.43 252.94 254.47 251.26 250.64 255.43 251.61 254.64 
2	0	4.97 3.02 2.36 3.26 2.35 4.44 4.80 4.83 4.87 4.80 5.03 4.76 5.08 
2	1	245.54 249.67 244.24 248.69 246.92 247.49 247.67 241.65 249.08 244.72 243.28 243.96 246.23 
2	1	4.69 3.10 2.30 3.23 2.27 4.33 4.57 4.55 4.71 4.56 4.97 4.48 4.97 
2	2	246.49 243.35 243.84 241.48 241.50 241.48 243.33 243.64 246.05 241.47 246.11 247.34 242.98 
2	2	4.72 3.54 2.58 3.67 2.58 4.36 4.60 4.68 4.79 4.57 5.03 4.58 5.02 
2	3	242.92 239.99 244.60 243.52 245.70 245.50 242.81 243.89 244.58 247.27 243.05 247.46 248.67 
2	3	4.37 3.21 2.25 3.28 2.31 4.04 4.36 4.29 4.46 4.22 4.71 4.13 4.58 
2	4	247.82 247.09 253.41 249.96 247.01 247.74 245.18 251.00 251.30 245.89 255.05 242.40 249.44 
2	4	4.24 3.10 2.30 3.22 2.26 3.97 4.18 4.10 4.19 4.02 4.36 4.00 4.48 
2	5	245.89 235.27 242.51 241.45 246.97 251.68 242.55 242.21 240.75 240.99 242.53 245.77 240.92 
2	5	4.09 3.15 2.30 3.29 2.28 3.77 4.05 4.01 4.14 3.91 4.42 3.78 4.41 
2	6	240.67 243.68 241.09 247.97 242.66 247.73 247.65 239.02 249.36 242.78 237.02 239.60 247.71 
2	6	3.88 3.18 2.28 3.20 2.29 3.71 3.88 3.96 4.00 3.77 4.41 3.74 4.14 
2	7	239.43 238.70 244.78 240.19 242.14 236.44 239.77 239.60 236.31 243.72 242.69 242.42 241.29 
2	7	3.82 3.18 2.24 3.18 2.28 3.60 3.84 3.84 3.98 3.62 4.23 3.57 4.19 
2	8	234.08 228.72 232.94 229.32 230.10 230.67 230.97 231.30 227.74 230.08 233.60 235.27 229.96 
2	8	3.78 3.23 2.39 3.23 2.42 3.56 3.83 3.79 3.91 3.40 4.20 3.42 4.31 
2	9	240.78 243.42 236.35 247.69 240.32 241.08 241.93 241.11 234.60 239.69 242.43 244.29 243.01 
2	9	3.62 3.10 2.32 3.15 2.28 3.45 3.55 3.57 3.71 3.33 4.08 3.31 3.96 
2	10	238.07 230.51 229.44 234.78 235.18 227.23 228.41 227.10 230.80 233.99 231.34 236.50 231.57 
2	10	3.52 3.18 2.42 3.22 2.36 3.39 3.59 3.68 3.73 3.26 4.05 3.11 4.04 
2	11	233.25 233.90 230.10 227.37 231.17 234.49 227.51 233.29 232.72 233.23 233.97 231.62 230.62 
2	11	3.47 3.10 2.39 3.20 2.39 3.26 3.51 3.44 3.57 3.16 3.96 2.99 3.96 
2	12	231.80 229.22 231.18 226.03 238.81 235.09 237.50 230.53 234.72 233.87 235.25 230.60 240.62 
2	12	3.43 3.21 2.43 3.24 2.34 3.19 3.40 3.40 3.55 3.07 3.89 2.91 3.77 
2	13	235.41 231.67 222.13 231.01 228.77 228.81 225.25 226.03 227.02 225.59 227.62 231.75 230.99 
2	13	3.30 3.11 2.47 3.14 2.44 3.17 3.37 3.37 3.53 2.97 3.82 2.78 3.88 
2	14	229.38 227.76 229.15 234.58 233.50 227.86 230.67 239.66 227.19 230.61 234.47 232.76 229.13 
2	14	3.24 3.17 2.40 3.13 2.34 3.13 3.21 3.20 3.39 2.84 3.76 2.64 3.83 
2	15	239.92 236.24 229.06 230.89 227.22 229.19 233.43 234.03 232.10 237.62 231.79 240.40 229.65 
2	15	3.12 3.08 2.37 3.15 2.40 3.01 3.13 3.18 3.25 2.74 3.65 2.65 3.72 
2	16	238.12 233.42 235.70 228.79 235.60 231.96 230.26 229.52 226.13 229.81 226.92 229.10 227.53 
2	16	3.10 3.11 2.25 3.12 2.33 3.02 3.14 3.08 3.26 2.68 3.63 2.51 3.72 
2	17	231.48 233.95 229.78 230.47 226.22 225.58 229.07 234.82 230.52 229.09 233.90 231.80 223.87 
2	17	3.08 3.06 2.34 3.09 2.36 2.87 3.05 3.03 3.21 2.64 3.49 2.42 3.67 
2	18	228.63 228.00 224.27 225.07 232.05 227.24 226.10 231.06 225.85 225.05 225.19 222.09 227.16 
2	18	3.00 3.16 2.41 3.13 2.45 2.88 3.12 3.00 3.24 2.56 3.61 2.39 3.58 
2	19	235.48 233.22 241.12 237.44 235.09 233.68 237.24 236.37 233.87 233.41 236.75 239.27 237.60 
2	19	2.85 3.06 2.21 3.13 2.34 2.83 2.90 2.86 3.06 2.51 3.41 2.30 3.41 
2	20	229.94 212.17 219.99 220.18 216.84 226.12 216.44 219.47 214.52 220.08 221.84 217.61 226.94 
2	20	2.90 3.05 2.43 3.04 2.44 2.75 3.02 2.85 3.15 2.43 3.56 2.12 3.51 
2	21	228.64 227.38 230.23 233.63 231.20 229.27 232.77 228.37 229.42 226.35 228.46 231.56 232.61 
2	21	2.80 3.11 2.34 3.07 2.33 2.81 2.91 2.84 3.00 2.39 3.36 2.11 3.40 
2	22	226.28 225.73 225.19 220.95 220.40 223.96 222.04 221.41 225.63 221.84 224.02 223.88 214.67 
2	22	2.83 3.08 2.39 3.02 2.44 2.81 3.01 2.77 3.10 2.32 3.42 2.12 3.49 
2	23	228.96 228.08 229.85 224.47 226.25 226.46 229.67 229.73 225.93 225.36 228.63 226.48 226.39 
2	23	2.71 3.08 2.32 3.02 2.43 2.70 2.86 2.78 2.97 2.34 3.31 2.01 3.36 
2	24	216.34 224.49 224.28 225.21 224.81 225.80 225.51 220.23 220.42 221.66 219.68 222.40 224.23 
2	24	2.73 3.11 2.38 3.00 2.38 2.68 2.85 2.74 2.97 2.27 3.35 2.00 3.39 
2	25	226.11 224.59 221.51 224.41 227.01 221.78 222.76 223.52 224.87 223.24 223.80 228.23 229.30 
2	25	2.66 2.99 2.40 2.97 2.40 2.68 2.82 2.72 2.93 2.17 3.29 1.90 3.29 
2	26	221.10 215.95 222.68 223.76 220.32 221.99 220.18 224.46 221.07 227.36 219.02 218.47 224.32 
2	26	2.65 3.00 2.36 3.02 2.42 2.70 2.91 2.64 2.96 2.19 3.31 1.87 3.34 
2	27	230.71 234.56 229.27 230.68 225.60 234.25 233.64 232.28 229.04 229.48 229.77 236.31 227.35 
2	27	2.60 3.04 2.25 3.01 2.39 2.65 2.75 2.59 2.85 2.16 3.24 1.95 3.28 
2	28	218.36 218.10 216.82 219.16 218.97 214.88 217.33 215.12 223.67 220.52 220.22 214.78 224.72 
2	28	2.58 3.00 2.47 2.92 2.40 2.55 2.85 2.53 2.88 2.08 3.28 1.81 3.32 
2	29	223.24 223.32 226.50 212.21 223.24 222.49 220.52 213.34 223.38 228.27 220.49 224.05 224.03 
2	29	2.55 3.00 2.32 2.85 2.37 2.60 2.85 2.51 2.87 2.07 3.20 1.82 3.29 
2	30	218.78 218.63 214.88 214.98 226.59 222.95 218.81 214.37 221.36 224.30 217.87 223.23 217.17 
2	30	2.51 2.96 2.44 2.90 2.29 2.66 2.84 2.51 2.86 2.03 3.17 1.74 3.31 
2	31	223.06 218.33 217.84 219.19 218.27 218.93 218.73 218.15 221.89 221.55 219.53 218.33 219.49 
2	31	2.50 2.96 2.37 2.90 2.43 2.55 2.76 2.51 2.88 2.02 3.23 1.70 3.28 
2	32	222.60 220.32 215.12 214.73 217.51 216.79 217.06 217.58 219.74 217.04 217.34 219.24 222.27 
2	32	2.51 3.02 2.47 3.07 2.44 2.54 2.72 2.63 2.87 2.11 3.23 1.79 3.30 
2	33	214.93 218.54 219.53 218.95 224.94 223.87 215.31 219.01 222.51 215.76 217.62 216.60 226.94 
2	33	2.48 2.90 2.39 2.89 2.35 2.60 2.71 2.51 2.78 1.96 3.11 1.65 3.21 
2	34	227.38 219.65 218.00 218.19 221.01 224.00 218.90 217.21 225.96 222.54 216.59 213.72 218.65 
2	34	2.48 2.97 2.44 2.91 2.45 2.60 2.75 2.44 2.79 1.99 3.16 1.59 3.23 
2	35	219.55 218.22 228.91 225.20 227.08 221.99 222.62 222.98 220.57 221.51 224.50 225.71 222.65 
2	35	2.42 2.90 2.24 2.90 2.32 2.58 2.71 2.51 2.79 1.93 3.14 1.64 3.21 
2	36	211.53 217.45 220.62 213.81 217.85 211.21 213.24 216.33 215.37 215.82 215.79 213.64 217.18 
2	36	2.43 2.97 2.39 2.82 2.44 2.48 2.74 2.46 2.85 1.95 3.12 1.60 3.26 
2	37	220.57 213.80 219.24 221.41 212.31 213.58 216.87 223.12 220.14 208.62 216.12 214.37 218.05 
2	37	2.45 2.93 2.37 2.85 2.44 2.51 2.71 2.38 2.85 1.93 3.09 1.59 3.18 
2	38	219.77 214.36 216.99 217.84 215.49 216.08 210.82 212.79 211.94 213.43 216.11 219.74 210.06 
2	38	2.41 2.93 2.42 2.84 2.48 2.52 2.77 2.42 2.81 1.89 3.19 1.59 3.25 
2	39	220.74 217.53 222.53 225.35 215.79 221.29 214.63 223.55 216.09 221.53 225.23 218.66 222.33 
2	39	2.40 2.92 2.35 2.90 2.43 2.60 2.74 2.43 2.83 1.92 3.16 1.58 3.20 
2	40	219.98 212.87 213.29 209.32 214.69 217.31 213.92 209.10 214.21 205.58 210.64 214.18 217.91 
2	40	2.40 2.93 2.40 2.78 2.40 2.56 2.75 2.37 2.82 1.89 3.14 1.54 3.19 
2	41	216.22 210.64 221.84 220.42 215.58 219.37 228.63 215.57 217.49 217.21 217.01 217.29 215.57 
2	41	2.42 2.95 2.31 2.86 2.43 2.61 2.63 2.36 2.77 1.86 3.12 1.55 3.19 
2	42	217.99 216.24 216.82 219.68 215.72 222.02 217.72 221.66 209.99 219.75 221.28 217.83 221.39 
2	42	2.39 2.94 2.38 2.88 2.42 2.58 2.70 2.46 2.81 1.86 3.15 1.53 3.22 
2	43	224.95 222.82 220.48 224.15 220.84 222.09 224.02 224.00 221.83 220.44 225.68 225.32 222.86 
2	43	2.38 2.95 2.34 2.86 2.40 2.59 2.76 2.45 2.79 1.87 3.10 1.59 3.17 
2	44	216.68 215.24 212.59 220.64 218.66 214.09 214.42 213.08 214.01 223.76 219.83 218.76 217.94 
2	44	2.43 2.89 2.40 2.78 2.46 2.47 2.72 2.37 2.81 1.87 3.15 1.58 3.20 
2	45	222.07 215.60 214.49 222.33 215.18 216.75 223.38 212.08 213.21 218.54 211.40 213.86 210.77 
2	45	2.44 2.87 2.36 2.84 2.40 2.51 2.75 2.36 2.82 1.85 3.14 1.51 3.18 
2	46	224.55 215.80 219.87 215.53 218.22 211.96 212.69 214.08 222.20 222.54 218.21 219.49 215.31 
2	46	2.34 2.91 2.38 2.80 2.46 2.52 2.77 2.38 2.85 1.84 3.11 1.53 3.18 
2	47	216.06 212.83 212.18 218.20 216.89 211.53 214.67 219.61 220.21 218.26 214.39 221.88 216.26 
2	47	2.35 2.93 2.36 2.82 2.44 2.50 2.75 2.43 2.81 1.84 3.08 1.53 3.19 
2	48	214.11 215.11 213.73 217.12 213.92 218.64 205.58 215.88 214.67 214.55 212.84 220.39 214.64 
2	48	2.43 2.92 2.47 2.81 2.45 2.59 2.73 2.42 2.91 1.83 3.15 1.56 3.21 
2	49	218.28 215.34 218.00 218.90 220.78 215.88 214.14 218.50 221.13 220.59 215.99 213.39 223.20 
2	49	2.32 2.99 2.42 2.82 2.41 2.54 2.70 2.39 2.82 1.88 3.10 1.43 3.14 
2	50	216.21 220.26 217.12 216.07 220.55 216.55 219.08 219.54 217.58 213.53 222.45 219.19 215.33 
2	50	2.36 2.95 2.42 2.83 2.43 2.58 2.78 2.47 2.85 1.84 3.18 1.57 3.21 
2	51	208.20 213.40 212.80 209.90 205.79 211.44 212.60 212.90 208.86 215.52 212.91 207.29 208.69 
2	51	2.40 2.94 2.34 2.69 2.48 2.50 2.77 2.33 2.80 1.85 3.11 1.50 3.17 
2	52	219.03 217.53 220.81 223.78 222.25 219.84 220.71 216.83 215.98 217.02 213.29 213.06 220.32 
2	52	2.36 2.94 2.35 2.88 2.43 2.63 2.76 2.32 2.77 1.88 3.07 1.52 3.20 
2	53	222.12 215.19 218.04 210.16 214.65 214.89 215.63 218.37 216.74 212.54 217.13 211.33 210.01 
2	53	2.33 2.97 2.41 2.75 2.42 2.53 2.68 2.33 2.76 1.84 3.08 1.47 3.19 
2	54	209.16 204.87 206.64 204.79 203.81 206.20 206.70 203.78 209.32 206.36 199.08 206.65 207.76 
2	54	2.33 2.87 2.46 2.70 2.42 2.46 2.77 2.35 2.83 1.78 2.99 1.52 3.21 
2	55	216.89 215.90 218.02 213.97 217.10 217.52 217.29 215.82 222.72 212.84 221.46 212.77 215.00 
2	55	2.35 2.96 2.38 2.77 2.43 2.55 2.73 2.37 2.82 1.87 3.17 1.49 3.20 
2	56	210.36 208.34 214.88 206.87 214.22 204.76 212.15 208.79 206.62 212.28 218.12 205.59 213.69 
2	56	2.29 2.84 2.41 2.67 2.49 2.41 2.74 2.34 2.81 1.89 3.08 1.48 3.18 
2	57	211.58 212.11 209.36 215.01 218.42 216.27 213.66 216.81 213.48 218.06 218.82 214.31 216.29 
2	57	2.31 2.87 2.46 2.81 2.44 2.55 2.78 2.36 2.80 1.82 3.14 1.51 3.19 
2	58	222.86 219.22 219.97 217.16 219.53 224.97 218.51 222.57 215.32 214.64 221.31 222.53 217.19 
2	58	2.40 2.98 2.36 2.81 2.40 2.61 2.69 2.40 2.81 1.83 3.07 1.57 3.17 
2	59	220.70 218.69 223.25 211.09 214.41 216.71 217.85 218.12 222.66 219.94 214.90 216.48 217.06 
2	59	2.37 2.89 2.36 2.75 2.50 2.56 2.70 2.35 2.79 1.84 3.14 1.48 3.18 
2	60	222.27 214.93 221.99 220.65 220.26 216.58 221.01 219.78 217.36 224.12 218.87 218.21 221.26 
2	60	2.39 2.95 2.35 2.82 2.44 2.59 2.75 2.43 2.84 1.85 3.15 1.48 3.25 
2	61	211.34 208.69 209.08 202.26 202.90 203.80 206.51 202.59 207.62 201.05 205.12 204.19 207.75 
2	61	2.40 2.79 2.42 2.68 2.45 2.41 2.72 2.29 2.75 1.85 3.10 1.53 3.23 
2	62	209.43 204.08 213.00 212.28 211.48 207.77 206.18 211.01 211.62 218.44 216.57 212.38 207.12 
2	62	2.36 2.84 2.39 2.79 2.40 2.46 2.75 2.39 2.84 1.83 3.13 1.49 3.16 
2	63	211.85 214.83 214.90 218.92 211.03 215.18 219.31 219.08 219.29 219.69 215.04 211.54 205.76 
2	63	2.37 2.91 2.41 2.81 2.41 2.56 2.75 2.37 2.81 1.86 3.14 1.44 3.19 
3	0	305.11 306.02 305.85 305.75 301.04 304.08 305.12 306.29 300.44 315.10 306.64 305.40 305.90 
3	0	4.14 2.43 2.43 2.29 2.45 3.65 3.88 3.76 3.91 4.07 4.07 4.07 4.14 
3	1	301.50 307.75 308.40 307.47 305.84 309.08 303.88 302.95 305.98 308.43 302.95 303.71 302.01 
3	1	3.97 2.42 2.38 2.24 2.43 3.60 3.83 3.65 3.78 3.92 3.91 3.91 3.98 
3	2	295.22 297.36 297.42 297.70 299.26 303.31 295.74 293.19 292.85 293.26 301.81 301.36 294.79 
3	2	3.89 2.36 2.36 2.36 2.42 3.43 3.70 3.63 3.60 3.74 3.84 3.84 3.88 
3	3	293.12 302.52 293.87 289.85 297.15 294.38 296.04 296.76 299.88 295.51 301.48 292.91 296.19 
3	3	3.72 2.33 2.34 2.45 2.46 3.39 3.57 3.49 3.53 3.65 3.71 3.74 3.78 
3	4	289.41 290.44 289.26 290.99 288.32 297.66 292.36 291.12 292.69 291.08 293.43 293.33 296.86 
3	4	3.62 2.28 2.42 2.44 2.46 3.32 3.45 3.49 3.51 3.53 3.67 3.65 3.77 
3	5	290.95 296.67 290.49 294.64 292.36 291.45 297.67 294.08 290.59 289.54 294.27 298.19 291.17 
3	5	3.61 2.34 2.38 2.35 2.37 3.18 3.46 3.38 3.37 3.43 3.52 3.48 3.60 
3	6	291.19 292.40 287.52 292.67 293.12 289.59 297.95 294.26 293.16 291.29 293.40 288.15 296.63 
3	6	3.42 2.25 2.41 2.35 2.42 3.10 3.39 3.29 3.35 3.40 3.45 3.45 3.53 
3	7	285.90 292.35 292.99 286.14 291.93 288.59 286.01 294.42 284.49 289.98 290.13 292.32 291.43 
3	7	3.38 2.26 2.33 2.46 2.40 3.02 3.31 3.24 3.32 3.30 3.33 3.37 3.43 
3	8	282.41 279.68 284.08 284.51 280.88 278.83 282.39 281.63 277.19 281.58 275.26 280.15 277.97 
3	8	3.35 2.26 2.42 2.48 2.41 2.93 3.32 3.32 3.21 3.21 3.29 3.42 3.33 
3	9	286.21 278.84 284.65 284.31 289.87 282.25 288.44 282.59 285.73 279.94 282.27 282.68 277.58 
3	9	3.23 2.21 2.43 2.45 2.38 2.90 3.16 3.28 3.06 3.08 3.30 3.22 3.23 
3	10	285.72 283.90 282.83 284.24 286.75 281.73 285.30 291.34 287.52 284.59 292.48 285.90 283.23 
3	10	3.17 2.28 2.45 2.52 2.37 2.82 3.12 3.09 3.07 3.10 3.22 3.17 3.19 
3	11	269.17 272.64 273.11 272.85 268.35 273.52 269.90 267.88 272.98 269.51 272.19 266.34 280.85 
3	11	3.07 2.29 2.56 2.58 2.33 2.77 3.21 3.25 3.11 3.07 3.17 3.26 3.11 
3	12	274.06 283.17 274.97 272.44 272.06 270.98 275.23 271.11 274.91 269.86 272.13 274.45 277.03 
3	12	3.05 2.18 2.50 2.56 2.31 2.66 3.04 3.13 3.03 2.93 3.12 3.10 3.09 
3	13	274.49 271.06 270.47 269.73 275.97 272.23 271.53 274.40 274.50 273.79 269.04 276.69 277.51 
3	13	2.98 2.28 2.61 2.61 2.34 2.67 3.10 3.12 3.05 2.91 3.10 3.12 3.06 
3	14	262.74 266.80 266.21 268.18 265.57 266.56 267.68 267.24 263.81 267.33 268.15 266.30 265.95 
3	14	2.99 2.27 2.67 2.61 2.36 2.57 3.16 3.11 3.06 2.90 3.08 3.16 2.98 
3	15	267.60 267.13 268.50 271.82 270.34 271.39 270.56 269.82 265.36 268.38 273.43 269.00 275.82 
3	15	2.93 2.29 2.68 2.55 2.34 2.53 3.01 3.07 3.01 2.86 2.98 3.08 2.98 
3	16	266.36 265.14 268.66 267.35 261.95 269.69 264.10 262.41 265.88 265.07 266.28 266.63 262.16 
3	16	2.89 2.42 2.62 2.64 2.25 2.52 3.11 3.10 3.01 2.83 2.98 3.08 2.87 
3	17	267.58 269.43 265.60 264.42 259.73 267.37 257.88 273.59 266.87 269.88 265.00 269.79 262.71 
3	17	2.86 2.30 2.71 2.68 2.31 2.54 3.10 2.99 2.93 2.72 2.96 3.01 2.85 
3	18	264.41 260.59 259.14 255.24 257.68 260.46 259.93 256.85 258.84 264.74 260.34 258.01 263.47 
3	18	2.87 2.39 2.85 2.78 2.33 2.60 3.04 3.05 3.01 2.73 3.04 3.04 2.79 
3	19	254.49 255.06 251.57 258.31 257.91 252.61 257.49 255.11 254.68 252.71 258.35 254.16 258.69 
3	19	2.84 2.49 2.93 2.65 2.29 2.51 3.01 3.02 2.97 2.75 3.01 3.02 2.70 
3	20	263.59 258.86 256.62 258.39 258.60 255.26 262.85 262.41 260.71 259.44 260.59 259.11 272.16 
3	20	2.81 2.45 2.90 2.69 2.30 2.54 2.99 2.96 2.90 2.64 2.97 3.01 2.80 
3	21	263.91 260.78 262.55 262.61 259.13 256.91 261.42 261.24 259.45 251.89 259.06 264.04 257.48 
3	21	2.78 2.37 2.79 2.73 2.28 2.45 2.96 2.94 2.86 2.73 2.93 2.90 2.68 
3	22	263.77 255.78 253.18 255.89 256.06 256.54 252.92 254.59 257.96 254.86 254.62 259.39 260.45 
3	22	2.69 2.43 2.97 2.72 2.36 2.46 3.08 3.02 2.87 2.71 3.01 2.92 2.63 
3	23	260.78 255.96 257.10 261.46 260.56 254.47 258.25 258.99 257.72 261.49 259.05 258.40 259.96 
3	23	2.71 2.50 2.85 2.72 2.34 2.40 2.92 2.98 2.86 2.64 2.94 2.93 2.68 
3	24	256.88 253.14 250.12 248.84 258.62 251.89 254.17 260.73 258.40 253.71 253.64 254.61 254.44 
3	24	2.73 2.47 2.96 2.76 2.26 2.43 2.95 2.91 2.84 2.64 2.98 2.94 2.64 
3	25	246.72 237.47 243.58 237.85 245.49 241.35 246.54 246.42 241.85 236.36 244.36 245.56 246.49 
3	25	2.76 2.62 3.00 2.74 2.22 2.45 3.04 3.00 2.80 2.74 3.09 2.96 2.65 
3	26	249.20 253.41 251.74 250.19 252.73 252.51 256.97 255.56 255.74 252.84 252.30 257.57 251.41 
3	26	2.80 2.50 2.98 2.76 2.31 2.36 2.96 2.90 2.80 2.62 3.03 2.96 2.64 
3	27	252.00 256.46 250.75 249.76 249.34 252.88 253.36 249.23 252.42 252.93 257.04 255.44 251.85 
3	27	2.67 2.49 2.96 2.72 2.29 2.38 2.92 2.94 2.77 2.57 2.89 2.94 2.56 
3	28	249.37 244.12 250.05 245.66 242.41 246.88 244.59 241.78 243.11 241.69 245.30 251.66 248.53 
3	28	2.75 2.60 3.01 2.77 2.29 2.44 3.05 2.95 2.74 2.64 3.08 2.95 2.59 
3	29	240.06 240.26 238.62 248.51 245.43 245.68 243.16 240.31 242.53 243.97 246.96 247.79 245.39 
3	29	2.76 2.62 3.07 2.77 2.29 2.41 3.03 2.95 2.76 2.61 3.02 2.94 2.52 
3	30	248.07 247.73 246.10 247.22 249.98 243.30 250.13 251.23 240.51 248.81 248.65 246.52 250.28 
3	30	2.70 2.56 2.98 2.76 2.30 2.46 2.98 2.85 2.80 2.56 2.97 2.87 2.62 
3	31	242.56 236.87 234.50 236.17 242.52 240.47 243.01 245.14 238.00 240.25 234.17 241.39 236.22 
3	31	2.69 2.61 3.10 2.74 2.27 2.41 3.02 2.96 2.75 2.57 3.07 2.86 2.51 
3	32	237.36 237.34 242.27 248.12 239.61 246.31 247.45 245.20 240.75 242.80 248.90 249.22 243.69 
3	32	2.69 2.60 2.95 2.80 2.24 2.27 2.88 2.94 2.77 2.50 2.93 2.87 2.44 
3	33	249.85 245.59 243.65 250.30 249.24 252.85 247.87 249.58 253.87 246.23 249.10 251.80 244.73 
3	33	2.64 2.58 3.01 2.74 2.28 2.29 2.89 2.88 2.73 2.53 2.96 2.89 2.48 
3	34	243.06 242.07 244.81 240.07 241.57 241.17 241.90 245.25 243.66 244.83 245.47 248.53 250.15 
3	34	2.69 2.62 3.02 2.78 2.29 2.43 2.97 2.90 2.75 2.58 2.95 2.88 2.50 
3	35	242.88 244.01 239.00 246.76 246.77 245.65 244.77 243.18 236.12 237.43 248.46 245.05 246.43 
3	35	2.71 2.63 3.07 2.83 2.35 2.38 3.00 2.91 2.75 2.53 2.93 2.92 2.48 
3	36	242.01 247.68 243.50 241.78 246.59 242.08 242.63 237.83 247.18 238.06 245.38 239.51 241.97 
3	36	2.70 2.58 3.01 2.84 2.36 2.41 3.01 2.93 2.81 2.59 2.92 2.85 2.53 
3	37	246.16 246.19 245.48 247.38 242.08 240.51 242.58 239.61 240.20 244.07 246.63 244.29 248.52 
3	37	2.67 2.64 3.02 2.81 2.29 2.45 3.05 2.90 2.79 2.54 2.91 2.92 2.56 
3	38	240.09 240.16 243.32 233.79 239.99 237.29 240.95 236.67 238.14 238.66 242.21 250.12 242.81 
3	38	2.72 2.68 3.13 2.81 2.34 2.44 3.05 2.86 2.81 2.57 3.01 2.90 2.46 
3	39	237.30 235.71 237.07 235.42 243.87 234.06 241.48 237.08 229.50 237.77 237.44 234.41 235.06 
3	39	2.69 2.70 3.13 2.78 2.34 2.42 3.03 2.91 2.72 2.54 2.98 2.89 2.43 
3	40	244.68 237.66 232.84 239.29 236.21 237.22 236.85 234.01 236.98 239.52 236.80 240.89 238.73 
3	40	2.73 2.73 3.09 2.77 2.30 2.39 3.11 2.87 2.75 2.53 3.03 2.90 2.48 
3	41	225.31 232.80 231.22 230.33 228.04 233.49 228.80 234.76 234.41 231.66 229.99 229.14 231.40 
3	41	2.78 2.74 3.12 2.81 2.31 2.49 3.19 2.90 2.74 2.69 2.98 2.81 2.52 
3	42	237.85 231.01 233.22 233.36 228.98 236.18 234.44 237.18 233.15 237.19 236.15 236.78 233.10 
3	42	2.76 2.76 3.17 2.80 2.27 2.43 3.09 2.86 2.72 2.56 3.00 2.90 2.42 
3	43	238.45 234.29 227.12 238.70 237.76 233.83 235.24 233.99 233.38 233.14 238.17 240.05 236.61 
3	43	2.68 2.80 3.15 2.83 2.33 2.47 3.10 2.85 2.75 2.60 2.99 2.80 2.46 
3	44	230.35 232.40 229.18 235.46 231.77 226.74 233.12 231.65 232.74 235.11 226.71 232.98 233.85 
3	44	2.73 2.80 3.15 2.80 2.35 2.49 3.14 2.86 2.70 2.56 3.00 2.87 2.49 
3	45	241.34 232.76 232.35 228.66 229.18 231.91 239.84 234.22 229.90 237.86 239.46 233.43 233.73 
3	45	2.68 2.79 3.17 2.80 2.30 2.52 3.07 2.92 2.67 2.53 2.99 2.85 2.45 
3	46	239.74 236.88 237.47 237.35 245.15 242.43 240.92 237.54 238.52 241.26 240.06 238.23 241.48 
3	46	2.79 2.75 3.13 2.86 2.43 2.47 3.07 2.86 2.77 2.59 3.01 2.85 2.51 
3	47	232.73 236.75 237.46 231.49 231.17 233.68 231.28 233.94 231.54 236.46 235.43 234.43 230.48 
3	47	2.71 2.74 3.09 2.88 2.35 2.50 3.11 2.87 2.66 2.50 2.99 2.83 2.48 
3	48	235.57 228.05 238.28 231.03 226.88 236.64 233.74 229.43 233.44 228.23 236.09 233.36 233.94 
3	48	2.74 2.86 3.20 2.82 2.34 2.45 3.14 2.90 2.74 2.68 3.02 2.85 2.52 
3	49	234.84 230.79 236.27 232.44 229.50 233.51 238.79 232.23 236.71 232.81 238.66 233.34 234.56 
3	49	2.73 2.79 3.18 2.86 2.32 2.44 3.07 2.84 2.67 2.55 2.95 2.86 2.48 
3	50	235.33 236.93 237.93 235.52 240.69 239.69 240.65 240.32 236.99 235.62 237.28 238.24 236.02 
3	50	2.78 2.80 3.18 2.83 2.41 2.48 3.12 2.89 2.76 2.58 3.09 2.88 2.50 
3	51	237.65 236.69 230.83 235.55 242.05 230.36 235.32 237.23 235.83 235.40 236.93 234.55 239.70 
3	51	2.76 2.79 3.19 2.85 2.30 2.52 3.05 2.93 2.78 2.62 2.99 2.84 2.51 
3	52	236.77 240.16 233.54 235.82 236.26 235.17 235.62 236.83 236.74 241.20 234.56 236.27 238.33 
3	52	2.73 2.72 3.15 2.84 2.32 2.54 3.13 2.89 2.70 2.55 3.02 2.88 2.52 
3	53	239.64 242.73 239.37 233.32 243.13 237.41 241.70 244.28 236.07 238.19 243.79 243.66 237.83 
3	53	2.73 2.68 3.18 2.89 2.40 2.51 3.04 2.95 2.73 2.55 3.02 2.83 2.50 
3	54	236.66 233.86 231.29 231.99 235.96 240.70 229.62 232.81 232.58 229.54 237.60 231.28 230.42 
3	54	2.80 2.78 3.24 2.86 2.37 2.50 3.21 2.88 2.76 2.67 3.00 2.84 2.59 
3	55	230.08 221.43 226.68 224.34 231.92 231.90 221.42 225.71 218.46 227.06 230.99 225.32 226.81 
3	55	2.82 2.93 3.19 2.80 2.34 2.57 3.23 2.88 2.72 2.65 3.06 2.84 2.51 
3	56	236.23 231.86 232.01 236.84 238.55 233.94 240.43 233.24 236.90 231.81 240.18 238.92 235.07 
3	56	2.83 2.82 3.25 2.92 2.35 2.50 3.12 2.93 2.80 2.67 3.07 2.91 2.54 
3	57	236.53 239.52 239.16 235.87 231.62 236.17 235.01 239.18 231.23 237.71 238.83 236.09 232.55 
3	57	2.80 2.81 3.22 2.91 2.31 2.51 3.15 2.98 2.84 2.59 3.00 2.90 2.51 
3	58	231.51 230.41 233.45 234.75 233.29 227.55 229.62 227.04 223.26 231.32 230.57 232.01 231.50 
3	58	2.91 2.93 3.33 3.03 2.49 2.64 3.32 2.98 2.89 2.73 3.16 2.96 2.67 
3	59	229.64 233.54 229.23 227.92 231.07 233.01 232.64 227.74 220.11 228.12 233.11 234.24 235.24 
3	59	2.84 2.88 3.23 2.95 2.37 2.55 3.17 2.92 2.74 2.73 3.10 2.90 2.50 
3	60	225.16 221.93 225.26 218.87 222.09 215.75 223.72 221.29 225.89 221.07 228.25 221.45 223.76 
3	60	2.91 3.01 3.27 2.84 2.36 2.68 3.32 3.00 2.87 2.79 3.04 2.85 2.56 
3	61	229.40 222.82 229.34 228.78 236.67 229.83 235.64 229.58 233.53 231.22 232.00 232.25 231.82 
3	61	2.89 2.94 3.20 2.89 2.40 2.57 3.17 2.97 2.80 2.61 3.02 2.91 2.59 
3	62	230.29 234.12 231.04 232.40 232.14 235.57 229.60 233.77 232.93 236.09 239.19 233.54 237.30 
3	62	2.89 2.85 3.29 2.97 2.41 2.55 3.26 3.02 2.86 2.67 3.08 2.93 2.56 
3	63	231.31 234.35 233.64 232.99 229.62 231.67 234.53 237.92 239.12 228.09 225.88 233.78 234.84 
3	63	2.84 2.86 3.32 2.90 2.40 2.62 3.21 2.92 2.81 2.64 3.04 2.81 2.48 
